#Zeit [s]	longitude [1e6]	Latitude [1e5]	GPSSpeed [1e2 km/h] 	 Tacho [1e2 km/h]
49679	9947452	5155760	53	0
49680	9947450	5155760	55	0
49681	9947450	5155760	55	0
49682	9947449	5155760	100	0
49683	9947447	5155760	116	0
49684	9947433	5155763	125	0
49685	9947420	5155766	159	0
49686	9947410	5155769	162	0
49687	9947363	5155775	338	0
49688	9947363	5155775	338	0
49689	9947323	5155780	351	0
49690	9947273	5155787	342	0
49691	9947247	5155790	333	0
49692	9947247	5155790	333	0
49693	9947238	5155792	335	0
49694	9947224	5155794	327	0
49695	9947180	5155799	268	0
49696	9947180	5155799	268	0
49697	9947164	5155803	272	0
49698	9947157	5155804	187	0
49699	9947157	5155804	187	0
49700	9947130	5155805	166	0
49701	9947130	5155805	166	0
49702	9947117	5155805	92	0
49703	9947110	5155805	90	0
49704	9947097	5155805	105	0
49705	9947073	5155805	116	0
49706	9947073	5155805	116	0
49707	9947066	5155805	112	0
49708	9947053	5155805	151	0
49709	9947053	5155805	151	0
49710	9947053	5155806	127	0
49711	9947053	5155806	127	0
49712	9947066	5155806	75	0
49713	9947066	5155806	187	0
49714	9947066	5155806	187	0
49715	9947050	5155804	375	0
49716	9947050	5155804	375	0
49717	9947033	5155803	407	0
49718	9947026	5155802	362	0
49719	9947026	5155802	362	0
49720	9947015	5155801	268	0
49721	9947010	5155800	272	0
49722	9947010	5155800	272	0
49723	9946999	5155799	275	0
49724	9947006	5155797	446	0
49725	9947001	5155796	455	0
49726	9946981	5155794	498	0
49727	9946961	5155791	640	0
49728	9946923	5155788	1376	0
49729	9946905	5155784	1472	0
49730	9946870	5155774	1720	0
49731	9946855	5155770	1594	0
49732	9946836	5155766	1603	0
49733	9946836	5155766	1603	0
49734	9946832	5155762	1603	0
49735	9946818	5155755	1607	0
49736	9946818	5155755	1607	0
49737	9946810	5155750	1616	0
49738	9946778	5155743	1429	0
49739	9946778	5155743	1429	0
49740	9946703	5155737	1503	0
49741	9946656	5155735	1457	0
49742	9946605	5155733	1457	0
49743	9946605	5155733	1457	0
49744	9946545	5155731	1463	0
49745	9946475	5155731	1574	0
49746	9946402	5155731	1585	0
49747	9946328	5155733	1631	0
49748	9946254	5155735	1744	0
49749	0	0	0	0
49750	9946107	5155735	1829	0
49751	9946033	5155734	1744	0
49752	9945962	5155734	1774	0
49753	9945878	5155734	1731	0
49754	9945798	5155733	1655	0
49755	9945725	5155732	1653	0
49756	9945650	5155732	1737	0
49757	9945561	5155734	1896	0
49758	9945475	5155735	1998	0
49759	9945385	5155735	2081	0
49760	9945298	5155736	2026	0
49761	9945216	5155736	1831	0
49762	9945133	5155736	1902	0
49763	9944972	5155736	1811	0
49764	9944972	5155736	1811	0
49765	9944892	5155737	1809	0
49766	9944812	5155737	1950	0
49767	9944812	5155737	1950	0
49768	9944636	5155738	1911	0
49769	9944551	5155739	2014	0
49770	9944455	5155740	2024	0
49771	9944282	5155742	1933	0
49772	9944197	5155744	1781	0
49773	9944120	5155745	1744	0
49774	9944120	5155745	1744	0
49775	9943974	5155746	1672	0
49776	9943974	5155746	1672	0
49777	9943847	5155747	1663	0
49778	9943775	5155749	1672	0
49779	9943775	5155749	1672	0
49780	9943704	5155750	1831	0
49781	9943572	5155753	1592	0
49782	9943517	5155753	1405	0
49783	9943517	5155753	1405	0
49784	9943463	5155753	1468	0
49785	9943400	5155748	1527	0
49786	9943400	5155748	1527	0
49787	9943377	5155744	1620	0
49788	9943348	5155741	1696	0
49789	9943323	5155737	1664	0
49790	9943295	5155732	1876	0
49791	9943267	5155728	1981	0
49792	9943240	5155723	1970	0
49793	9943212	5155718	1922	0
49794	9943183	5155713	2020	0
49795	9943151	5155708	2118	0
49796	9943122	5155704	2113	0
49797	9943057	5155694	2114	0
49798	9943057	5155694	2114	0
49799	9943020	5155690	1981	0
49800	9942988	5155685	1805	0
49801	9942962	5155681	1677	0
49802	9942928	5155677	1683	0
49803	9942857	5155669	1726	0
49804	9942857	5155669	1726	0
49805	9942820	5155665	1807	0
49806	9942786	5155661	1757	0
49807	9942755	5155657	1768	0
49808	9942721	5155654	1852	0
49809	9942687	5155649	1924	0
49810	9942654	5155645	1970	0
49811	9942618	5155640	2114	0
49812	9942585	5155636	1939	0
49813	9942549	5155631	1927	0
49814	9942516	5155627	1868	0
49815	9942485	5155622	1918	0
49816	9942456	5155617	1909	0
49817	9942427	5155613	1918	0
49818	9942395	5155608	1879	0
49819	9942365	5155604	1872	0
49820	9942305	5155595	1848	0
49821	9942285	5155591	2029	0
49822	9942255	5155586	2076	0
49823	9942215	5155582	2174	0
49824	9942183	5155579	2124	0
49825	9942160	5155575	2009	0
49826	9942133	5155570	1998	0
49827	9942106	5155565	1955	0
49828	9942081	5155561	1900	0
49829	9942055	5155556	1944	0
49830	9942030	5155552	1883	0
49831	9941997	5155547	1879	0
49832	9941961	5155543	1816	0
49833	9941935	5155539	1735	0
49834	9941905	5155534	1748	0
49835	9941880	5155530	1801	0
49836	9941849	5155526	1811	0
49837	9941820	5155522	1772	0
49838	9941789	5155518	1855	0
49839	9941756	5155513	1963	0
49840	9941727	5155509	2018	0
49841	9941695	5155504	1989	0
49842	9941667	5155499	1900	0
49843	9941640	5155494	1909	0
49844	9941611	5155490	1942	0
49845	9941580	5155486	1929	0
49846	9941546	5155481	1935	0
49847	9941515	5155477	1883	0
49848	9941480	5155472	1927	0
49849	9941439	5155468	1976	0
49850	9941401	5155464	1985	0
49851	9941363	5155459	2140	0
49852	9941327	5155454	2172	0
49853	9941294	5155449	2231	0
49854	9941255	5155444	2287	0
49855	9941216	5155439	2150	0
49856	9941180	5155434	2077	0
49857	9941147	5155430	2016	0
49858	9941109	5155424	2129	0
49859	9941072	5155419	2142	0
49860	9941040	5155413	2142	0
49861	9941010	5155408	2135	0
49862	9940978	5155403	2144	0
49863	9940948	5155398	2211	0
49864	9940920	5155393	2179	0
49865	9940890	5155387	2035	0
49866	9940868	5155383	1824	0
49867	9940840	5155379	1683	0
49868	9940802	5155375	1526	0
49869	9940763	5155372	1646	0
49870	9940726	5155369	1446	0
49871	9940695	5155366	1292	0
49872	9940672	5155363	1146	0
49873	9940652	5155360	1040	0
49874	9940634	5155358	896	0
49875	9940634	5155358	896	0
49876	9940617	5155356	661	0
49877	9940601	5155354	464	0
49878	9940595	5155353	311	0
49879	9940583	5155353	9	0
49880	9940575	5155352	22	0
49881	9940560	5155351	51	0
49882	9940525	5155346	1166	0
49883	9940525	5155346	1166	0
49884	9940500	5155342	1574	0
49885	9940470	5155338	1681	0
49886	9940432	5155333	1837	0
49887	9940395	5155329	1876	0
49888	9940360	5155325	1876	0
49889	9940323	5155320	1952	0
49890	9940285	5155315	1964	0
49891	9940247	5155311	1974	0
49892	9940211	5155306	2064	0
49893	9940173	5155301	2148	0
49894	9940135	5155296	2135	0
49895	9940099	5155291	2239	0
49896	9940060	5155286	2298	0
49897	9940022	5155281	2261	0
49898	9939981	5155276	2039	0
49899	9939937	5155271	2229	0
49900	9939841	5155261	2272	0
49901	9939841	5155261	2272	0
49902	9939792	5155256	2270	0
49903	9939749	5155251	2239	0
49904	9939705	5155246	2290	0
49905	9939662	5155241	2361	0
49906	9939618	5155236	2218	0
49907	9939580	5155231	2214	0
49908	9939544	5155226	2244	0
49909	9939544	5155226	2244	0
49910	9939464	5155216	2316	0
49911	9939426	5155210	2261	0
49912	9939390	5155205	2294	0
49913	9939352	5155200	2244	0
49914	9939317	5155195	2235	0
49915	9939280	5155189	2231	0
49916	9939243	5155184	2237	0
49917	9939203	5155178	2239	0
49918	9939175	5155173	2114	0
49919	9939150	5155168	2127	0
49920	9939123	5155163	2157	0
49921	0	0	0	0
49922	9939043	5155147	2172	0
49923	9939018	5155142	2179	0
49924	9939018	5155142	2179	0
49925	9938992	5155137	2266	0
49926	9938969	5155131	2189	0
49927	0	0	0	0
49928	9938929	5155120	2227	0
49929	9938910	5155115	2222	0
49930	9938869	5155105	2063	0
49931	9938869	5155105	2063	0
49932	9938851	5155099	2002	0
49933	9938831	5155095	1996	0
49934	9938813	5155089	2050	0
49935	9938784	5155079	2018	0
49936	9938784	5155079	2018	0
49937	9938771	5155074	1922	0
49938	9938760	5155069	1918	0
49939	9938748	5155064	2013	0
49940	9938739	5155058	2048	0
49941	9938730	5155052	2152	0
49942	9938724	5155047	2063	0
49943	9938718	5155042	2031	0
49944	9938715	5155036	2035	0
49945	9938712	5155031	1939	0
49946	9938708	5155020	2192	0
49947	9938712	5155013	2102	0
49948	9938712	5155013	2102	0
49949	9938717	5155008	2020	0
49950	9938730	5154997	2246	0
49951	9938730	5154997	2246	0
49952	9938739	5154991	2253	0
49953	9938757	5154979	2339	0
49954	9938757	5154979	2339	0
49955	9938766	5154973	2309	0
49956	9938777	5154967	2298	0
49957	9938787	5154962	2196	0
49958	9938798	5154955	2411	0
49959	9938808	5154949	2448	0
49960	9938818	5154943	2318	0
49961	9938828	5154937	2320	0
49962	9938840	5154931	2124	0
49963	9938850	5154926	2116	0
49964	9938844	5154920	1987	0
49965	9938844	5154915	1992	0
49966	9938845	5154909	2007	0
49967	9938847	5154904	2229	0
49968	9938851	5154898	2085	0
49969	9938844	5154893	1953	0
49970	9938853	5154888	1783	0
49971	9938864	5154884	1826	0
49972	9938871	5154879	1894	0
49973	9938885	5154874	1807	0
49974	9938891	5154869	1868	0
49975	9938905	5154859	1909	0
49976	9938905	5154859	1909	0
49977	9938910	5154854	1907	0
49978	9938909	5154848	2027	0
49979	9938909	5154843	1889	0
49980	9938909	5154838	1926	0
49981	9938909	5154838	1926	0
49982	9938925	5154828	2011	0
49983	9938942	5154822	2177	0
49984	9938955	5154817	2102	0
49985	9938970	5154812	2098	0
49986	9938990	5154807	1907	0
49987	9939003	5154802	1694	0
49988	9939016	5154799	1500	0
49989	9939030	5154795	1601	0
49990	9939049	5154791	1553	0
49991	9939069	5154788	1492	0
49992	9939083	5154784	1692	0
49993	9939110	5154779	2079	0
49994	9939140	5154774	2126	0
49995	9939170	5154768	2320	0
49996	9939194	5154762	2313	0
49997	9939219	5154756	2426	0
49998	9939219	5154756	2426	0
49999	9939272	5154743	2465	0
50000	9939285	5154737	2394	0
50001	9939301	5154731	2400	0
50002	9939322	5154725	2365	0
50003	9939342	5154720	2233	0
50004	9939366	5154714	2329	0
50005	9939393	5154708	2455	0
50006	9939444	5154696	2331	0
50007	9939462	5154690	2340	0
50008	9939462	5154690	2340	0
50009	9939475	5154684	2444	0
50010	9939497	5154677	2552	0
50011	9939518	5154671	2390	0
50012	9939542	5154666	2237	0
50013	9939562	5154661	2148	0
50014	9939578	5154654	2250	0
50015	9939602	5154649	2326	0
50016	9939662	5154636	2415	0
50017	9939683	5154630	2402	0
50018	9939683	5154630	2402	0
50019	9939700	5154624	2305	0
50020	9939723	5154618	2177	0
50021	9939752	5154612	1972	0
50022	9939775	5154606	2127	0
50023	9939801	5154600	2127	0
50024	9939827	5154594	2137	0
50025	9939850	5154588	2142	0
50026	9939867	5154583	1887	0
50027	9939887	5154579	1776	0
50028	9939903	5154575	1650	0
50029	9939920	5154571	1514	0
50030	9939934	5154567	1464	0
50031	9939945	5154564	1418	0
50032	9939960	5154560	1566	0
50033	9939981	5154556	1500	0
50034	9939981	5154556	1500	0
50035	9940028	5154550	1464	0
50036	9940045	5154546	1468	0
50037	9940079	5154538	1301	0
50038	9940079	5154538	1301	0
50039	9940084	5154534	1420	0
50040	9940090	5154530	1496	0
50041	9940090	5154530	1496	0
50042	0	0	0	0
50043	9940117	5154520	1379	0
50044	9940122	5154517	1298	0
50045	9940137	5154515	1161	0
50046	9940148	5154512	1005	0
50047	9940158	5154510	942	0
50048	9940173	5154507	1007	0
50049	9940200	5154503	938	0
50050	9940224	5154499	1053	0
50051	9940244	5154496	1055	0
50052	9940262	5154493	987	0
50053	9940271	5154492	887	0
50054	9940289	5154490	744	0
50055	9940300	5154489	590	0
50056	9940307	5154487	485	0
50057	9940311	5154486	472	0
50058	9940315	5154485	466	0
50059	9940316	5154484	424	0
50060	9940315	5154483	14	0
50061	9940313	5154483	7	0
50062	9940310	5154483	0	0
50063	9940309	5154482	1	0
50064	9940309	5154483	1	0
50065	9940307	5154483	1	0
50066	9940307	5154482	0	0
50067	9940307	5154482	0	0
50068	9940307	5154482	0	0
50069	9940307	5154482	0	0
50070	9940307	5154482	0	0
50071	9940307	5154482	0	0
50072	9940307	5154482	0	0
50073	9940307	5154482	0	0
50074	9940307	5154482	0	0
50075	9940307	5154482	0	0
50076	9940307	5154482	0	0
50077	9940307	5154482	0	0
50078	9940307	5154482	0	0
50079	9940307	5154482	0	0
50080	9940307	5154482	0	0
50081	9940309	5154482	3	0
50082	9940309	5154482	1	0
50083	9940309	5154482	1	0
50084	9940310	5154482	0	0
50085	9940310	5154482	0	0
50086	9940310	5154482	0	0
50087	9940310	5154482	0	0
50088	9940310	5154482	0	0
50089	9940310	5154482	0	0
50090	9940310	5154482	0	0
50091	9940322	5154480	507	0
50092	9940322	5154480	507	0
50093	9940343	5154472	1113	0
50094	9940343	5154472	1113	0
50095	9940360	5154469	1257	0
50096	9940375	5154465	1287	0
50097	9940385	5154462	1218	0
50098	9940385	5154458	1383	0
50099	9940385	5154455	1440	0
50100	9940392	5154450	1559	0
50101	9940392	5154450	1559	0
50102	9940410	5154443	1372	0
50103	9940422	5154440	1461	0
50104	9940435	5154436	1516	0
50105	9940450	5154432	1557	0
50106	9940465	5154428	1631	0
50107	9940476	5154424	1557	0
50108	0	0	0	0
50109	9940495	5154417	1461	0
50110	9940501	5154414	1403	0
50111	9940503	5154411	1237	0
50112	9940508	5154407	1364	0
50113	9940514	5154404	1407	0
50114	9940512	5154400	1314	0
50115	9940525	5154395	1705	0
50116	9940534	5154391	1472	0
50117	9940545	5154387	1420	0
50118	9940568	5154383	1372	0
50119	9940590	5154379	1576	0
50120	9940614	5154376	1507	0
50121	9940635	5154371	1246	0
50122	9940653	5154365	1144	0
50123	9940653	5154365	1144	0
50124	9940661	5154361	1301	0
50125	9940681	5154356	1592	0
50126	9940695	5154352	1603	0
50127	0	0	0	0
50128	9940730	5154344	1650	0
50129	9940748	5154340	1577	0
50130	9940770	5154336	1435	0
50131	9940785	5154332	1479	0
50132	9940802	5154324	1359	0
50133	9940817	5154320	1437	0
50134	9940817	5154320	1437	0
50135	9940845	5154312	1737	0
50136	9940845	5154312	1737	0
50137	9940858	5154307	1722	0
50138	9940886	5154298	1646	0
50139	9940886	5154298	1646	0
50140	9940893	5154294	1568	0
50141	9940915	5154289	1581	0
50142	9940951	5154281	1453	0
50143	9940962	5154277	1513	0
50144	9940962	5154277	1513	0
50145	9940969	5154273	1607	0
50146	9940980	5154269	1433	0
50147	9940990	5154265	1377	0
50148	9941005	5154262	1503	0
50149	9941015	5154258	1492	0
50150	9941027	5154254	1479	0
50151	9941036	5154250	1533	0
50152	9941051	5154245	1579	0
50153	9941067	5154241	1724	0
50154	9941083	5154237	1557	0
50155	9941100	5154233	1546	0
50156	9941132	5154225	1346	0
50157	9941147	5154221	1407	0
50158	9941158	5154217	1544	0
50159	9941158	5154217	1544	0
50160	9941172	5154213	1507	0
50161	9941183	5154209	1466	0
50162	9941201	5154205	1614	0
50163	9941216	5154201	1561	0
50164	9941230	5154197	1472	0
50165	9941247	5154193	1579	0
50166	9941263	5154189	1522	0
50167	9941280	5154185	1518	0
50168	9941297	5154181	1674	0
50169	9941315	5154177	1566	0
50170	9941328	5154173	1489	0
50171	9941345	5154170	1440	0
50172	9941365	5154165	1670	0
50173	9941385	5154161	1603	0
50174	9941405	5154157	1590	0
50175	9941419	5154152	1635	0
50176	9941432	5154148	1687	0
50177	9941448	5154144	1624	0
50178	9941463	5154139	1611	0
50179	9941480	5154136	1540	0
50180	9941500	5154132	1601	0
50181	9941519	5154128	1596	0
50182	9941535	5154123	1731	0
50183	9941550	5154119	1664	0
50184	9941565	5154115	1539	0
50185	9941582	5154111	1551	0
50186	9941593	5154107	1674	0
50187	9941610	5154103	1733	0
50188	9941622	5154098	1781	0
50189	9941640	5154094	1737	0
50190	9941660	5154090	1735	0
50191	9941682	5154085	1789	0
50192	9941707	5154081	1727	0
50193	9941736	5154076	1853	0
50194	9941758	5154072	1739	0
50195	9941758	5154067	1692	0
50196	9941782	5154062	1646	0
50197	9941800	5154058	1616	0
50198	9941822	5154053	1757	0
50199	9941843	5154049	1750	0
50200	9941862	5154044	1570	0
50201	9941876	5154040	1574	0
50202	9941892	5154036	1513	0
50203	9941898	5154032	1600	0
50204	9941910	5154029	1389	0
50205	9941921	5154026	1322	0
50206	9941935	5154023	1164	0
50207	9941947	5154020	1157	0
50208	9941954	5154018	1100	0
50209	9941957	5154015	964	0
50210	9941967	5154013	1009	0
50211	9941975	5154010	1022	0
50212	9941981	5154006	1161	0
50213	9941998	5154002	1263	0
50214	9942010	5153999	1187	0
50215	9942027	5153996	1101	0
50216	9942043	5153995	863	0
50217	9942061	5153993	729	0
50218	9942074	5153991	503	0
50219	9942083	5153990	503	0
50220	9942090	5153988	535	0
50221	9942090	5153988	535	0
50222	9942110	5153986	22	0
50223	9942113	5153985	14	0
50224	9942115	5153984	3	0
50225	9942120	5153983	7	0
50226	9942122	5153983	7	0
50227	9942123	5153983	7	0
50228	9942126	5153983	3	0
50229	9942128	5153983	3	0
50230	9942130	5153983	3	0
50231	9942132	5153983	0	0
50232	9942132	5153983	0	0
50233	9942132	5153983	0	0
50234	9942132	5153983	0	0
50235	9942132	5153983	0	0
50236	9942132	5153983	0	0
50237	9942132	5153983	0	0
50238	9942132	5153983	0	0
50239	9942132	5153983	0	0
50240	9942132	5153983	0	0
50241	9942132	5153983	0	0
50242	9942133	5153983	0	0
50243	9942133	5153983	3	0
50244	9942135	5153983	3	0
50245	9942137	5153983	0	0
50246	9942137	5153983	0	0
50247	9942139	5153983	120	0
50248	9942142	5153983	207	0
50249	9942143	5153982	407	0
50250	9942152	5153980	774	0
50251	9942155	5153978	764	0
50252	9942165	5153975	903	0
50253	9942179	5153972	1027	0
50254	9942199	5153969	1107	0
50255	9942218	5153966	1027	0
50256	9942237	5153962	1138	0
50257	9942248	5153959	1109	0
50258	9942253	5153956	1220	0
50259	9942260	5153953	1135	0
50260	9942271	5153950	1037	0
50261	9942282	5153946	1066	0
50262	9942286	5153943	1250	0
50263	9942300	5153939	1518	0
50264	9942313	5153934	1742	0
50265	9942322	5153929	1876	0
50266	9942324	5153924	1811	0
50267	9942324	5153919	1861	0
50268	9942322	5153914	1868	0
50269	9942322	5153909	1766	0
50270	9942318	5153904	1890	0
50271	9942318	5153904	1890	0
50272	9942320	5153895	1798	0
50273	9942322	5153890	1961	0
50274	9942324	5153884	1974	0
50275	9942327	5153879	1803	0
50276	9942335	5153874	1898	0
50277	9942344	5153869	2066	0
50278	9942348	5153863	1996	0
50279	9942355	5153858	1872	0
50280	9942360	5153853	1944	0
50281	9942360	5153853	1944	0
50282	0	0	0	0
50283	9942391	5153835	1883	0
50284	9942398	5153830	1916	0
50285	9942405	5153825	1883	0
50286	9942413	5153819	2026	0
50287	9942429	5153813	2111	0
50288	9942438	5153806	2057	0
50289	9942445	5153800	2089	0
50290	9942451	5153795	2120	0
50291	9942455	5153789	2059	0
50292	9942451	5153785	1859	0
50293	9942425	5153776	1729	0
50294	9942425	5153776	1729	0
50295	9942410	5153772	1663	0
50296	9942384	5153767	1846	0
50297	9942353	5153761	2050	0
50298	9942322	5153756	2152	0
50299	9942284	5153751	2040	0
50300	9942213	5153740	2018	0
50301	9942213	5153740	2018	0
50302	9942143	5153730	1927	0
50303	9942103	5153726	1855	0
50304	9942103	5153726	1855	0
50305	9942055	5153721	1937	0
50306	9942012	5153717	1842	0
50307	9942012	5153717	1842	0
50308	9941927	5153708	1981	0
50309	9941900	5153704	1926	0
50310	9941883	5153699	1927	0
50311	9941875	5153695	1853	0
50312	9941868	5153690	1852	0
50313	9941868	5153686	1814	0
50314	9941868	5153681	1826	0
50315	9941868	5153677	1774	0
50316	9941862	5153672	1840	0
50317	9941854	5153667	1779	0
50318	9941845	5153662	1772	0
50319	9941833	5153658	1631	0
50320	9941825	5153653	1766	0
50321	9941810	5153648	1644	0
50322	9941803	5153644	1770	0
50323	9941800	5153639	1818	0
50324	9941807	5153634	1950	0
50325	9941823	5153624	1929	0
50326	9941823	5153624	1929	0
50327	9941849	5153615	1794	0
50328	9941855	5153611	1631	0
50329	9941855	5153611	1631	0
50330	9941849	5153602	1624	0
50331	9941855	5153599	1653	0
50332	9941855	5153599	1653	0
50333	9941880	5153591	1724	0
50334	9941880	5153591	1724	0
50335	9941872	5153588	1492	0
50336	9941875	5153584	1572	0
50337	9941881	5153579	1668	0
50338	9941890	5153575	1574	0
50339	9941895	5153572	1281	0
50340	9941903	5153568	1290	0
50341	9941903	5153568	1290	0
50342	0	0	0	0
50343	9941907	5153554	1620	0
50344	9941905	5153550	1583	0
50345	9941892	5153540	1642	0
50346	9941892	5153540	1642	0
50347	9941892	5153536	1500	0
50348	9941890	5153531	1463	0
50349	9941887	5153527	1470	0
50350	9941888	5153523	1559	0
50351	9941892	5153518	1692	0
50352	9941896	5153513	1700	0
50353	9941892	5153509	1546	0
50354	9941894	5153505	1409	0
50355	9941894	5153501	1337	0
50356	9941895	5153497	1222	0
50357	9941894	5153493	1042	0
50358	9941890	5153491	731	0
50359	9941892	5153489	551	0
50360	9941895	5153488	429	0
50361	9941901	5153486	505	0
50362	9941907	5153484	575	0
50363	9941908	5153483	570	0
50364	9941908	5153482	322	0
50365	9941910	5153481	5	0
50366	9941914	5153481	7	0
50367	9941915	5153481	7	0
50368	9941916	5153480	11	0
50369	9941918	5153478	31	0
50370	9941925	5153476	53	0
50371	9941928	5153475	831	0
50372	9941935	5153472	1126	0
50373	9941940	5153468	1246	0
50374	9941948	5153465	1368	0
50375	9941955	5153461	1381	0
50376	9941961	5153457	1276	0
50377	9941967	5153454	1355	0
50378	9941975	5153450	1416	0
50379	9941981	5153446	1431	0
50380	9941985	5153441	1589	0
50381	9941994	5153436	1689	0
50382	9942001	5153433	1594	0
50383	9942008	5153428	1451	0
50384	9942015	5153424	1439	0
50385	9942020	5153420	1338	0
50386	9942021	5153417	1205	0
50387	9942028	5153413	1348	0
50388	9942034	5153409	1435	0
50389	9942037	5153406	1346	0
50390	9942037	5153402	1166	0
50391	9942030	5153399	1290	0
50392	9942015	5153395	1513	0
50393	9941988	5153391	1663	0
50394	9941952	5153386	1931	0
50395	9941908	5153382	1927	0
50396	9941856	5153378	2064	0
50397	9941800	5153374	2026	0
50398	9941738	5153370	2131	0
50399	9941673	5153366	2216	0
50400	9941532	5153359	2172	0
50401	9941532	5153359	2172	0
50402	9941457	5153356	2018	0
50403	9941381	5153354	1981	0
50404	9941305	5153351	1983	0
50405	9941232	5153348	1987	0
50406	9941156	5153346	2024	0
50407	9941082	5153344	1977	0
50408	9941011	5153341	1976	0
50409	9940947	5153339	1748	0
50410	9940895	5153337	1414	0
50411	9940860	5153335	1024	0
50412	9940826	5153334	933	0
50413	9940797	5153333	896	0
50414	9940788	5153331	711	0
50415	9940786	5153328	1033	0
50416	9940790	5153325	1033	0
50417	9940792	5153323	1037	0
50418	9940780	5153320	1077	0
50419	9940762	5153316	1394	0
50420	9940737	5153312	1620	0
50421	9940628	5153302	2289	0
50422	9940628	5153302	2289	0
50423	9940561	5153295	2398	0
50424	9940492	5153289	2489	0
50425	9940425	5153284	2381	0
50426	9940355	5153279	2427	0
50427	9940198	5153270	2476	0
50428	9940198	5153270	2476	0
50429	9940128	5153266	2468	0
50430	9939983	5153258	2300	0
50431	9939914	5153254	2350	0
50432	9939838	5153251	2146	0
50433	9939763	5153248	2311	0
50434	9939763	5153248	2311	0
50435	9939622	5153240	2179	0
50436	9939557	5153234	2431	0
50437	9939468	5153229	2515	0
50438	9939468	5153229	2515	0
50439	9939397	5153223	2620	0
50440	9939223	5153215	2603	0
50441	9939127	5153211	2600	0
50442	9939127	5153211	2600	0
50443	9939040	5153207	2505	0
50444	9938951	5153204	2492	0
50445	9938860	5153201	2487	0
50446	9938760	5153200	2426	0
50447	9938660	5153199	2337	0
50448	9938468	5153195	2453	0
50449	9938468	5153195	2453	0
50450	9938270	5153192	2533	0
50451	9938171	5153190	2366	0
50452	9938082	5153188	2152	0
50453	9938004	5153187	1970	0
50454	9938004	5153187	1970	0
50455	9937870	5153183	1564	0
50456	9937815	5153182	1329	0
50457	9937815	5153182	1329	0
50458	9937765	5153180	1094	0
50459	9937743	5153177	1055	0
50460	9937740	5153175	1261	0
50461	9937740	5153175	1261	0
50462	9937763	5153168	1624	0
50463	9937785	5153164	1666	0
50464	9937812	5153160	1837	0
50465	9937839	5153156	1850	0
50466	9937865	5153152	1924	0
50467	0	0	0	0
50468	9937912	5153142	2007	0
50469	9937935	5153138	1926	0
50470	9937963	5153134	1931	0
50471	9937995	5153129	1939	0
50472	9938030	5153125	2029	0
50473	9938055	5153121	1864	0
50474	9938082	5153116	1863	0
50475	9938113	5153112	1864	0
50476	9938151	5153103	1727	0
50477	9938151	5153103	1727	0
50478	9938173	5153099	1739	0
50479	9938195	5153095	1737	0
50480	9938227	5153091	1670	0
50481	9938258	5153087	1794	0
50482	9938307	5153083	1807	0
50483	9938365	5153077	1576	0
50484	9938388	5153072	1531	0
50485	9938400	5153068	1526	0
50486	9938400	5153068	1526	0
50487	9938447	5153060	1148	0
50488	9938470	5153056	894	0
50489	9938490	5153054	679	0
50490	9938492	5153052	366	0
50491	9938497	5153050	375	0
50492	9938498	5153048	492	0
50493	9938503	5153047	559	0
50494	9938514	5153045	505	0
50495	9938512	5153042	613	0
50496	9938519	5153040	920	0
50497	9938523	5153037	805	0
50498	9938528	5153035	459	0
50499	9938532	5153035	25	0
50500	9938515	5153036	55	0
50501	9938481	5153037	666	0
50502	9938432	5153038	964	0
50503	9938352	5153039	1651	0
50504	9938260	5153040	1822	0
50505	9938178	5153042	1820	0
50506	9938095	5153043	1814	0
50507	9938005	5153044	1868	0
50508	9937917	5153045	1942	0
50509	9937828	5153047	1939	0
50510	9937740	5153047	2002	0
50511	9937649	5153047	2098	0
50512	9937551	5153048	2205	0
50513	9937458	5153049	2361	0
50514	9937364	5153049	2253	0
50515	9937268	5153050	2194	0
50516	9937173	5153050	2185	0
50517	9937078	5153050	2179	0
50518	9936985	5153049	2229	0
50519	9936892	5153049	2231	0
50520	9936800	5153050	2231	0
50521	9936707	5153049	2242	0
50522	9936608	5153047	2227	0
50523	9936510	5153047	2194	0
50524	9936420	5153046	2146	0
50525	9936245	5153045	2103	0
50526	9936245	5153045	2103	0
50527	9936152	5153042	2207	0
50528	9936058	5153039	2274	0
50529	9935975	5153037	2126	0
50530	9935890	5153034	2183	0
50531	9935799	5153031	2313	0
50532	9935714	5153028	2213	0
50533	9935635	5153025	2068	0
50534	9935561	5153021	2076	0
50535	9935490	5153018	2079	0
50536	9935420	5153015	2068	0
50537	9935347	5153011	2064	0
50538	9935280	5153008	1942	0
50539	9935280	5153008	1942	0
50540	9935155	5153004	1681	0
50541	9935086	5153002	1809	0
50542	9935012	5153001	1852	0
50543	9934941	5152999	1631	0
50544	9934878	5152998	1466	0
50545	9934823	5152998	1314	0
50546	9934775	5152997	1016	0
50547	9934740	5152998	722	0
50548	9934715	5152997	496	0
50549	9934695	5152997	461	0
50550	9934682	5152995	553	0
50551	9934670	5152993	909	0
50552	9934662	5152991	1261	0
50553	9934664	5152988	1459	0
50554	9934665	5152984	1496	0
50555	9934667	5152981	1490	0
50556	9934675	5152977	1587	0
50557	9934675	5152977	1587	0
50558	9934695	5152969	1651	0
50559	9934702	5152965	1620	0
50560	9934707	5152961	1713	0
50561	9934715	5152957	1657	0
50562	9934729	5152953	1511	0
50563	9934738	5152949	1470	0
50564	9934740	5152945	1472	0
50565	9934738	5152941	1263	0
50566	9934730	5152937	927	0
50567	9934730	5152935	592	0
50568	9934727	5152932	18	0
50569	9934722	5152931	20	0
50570	9934723	5152930	16	0
50571	9934723	5152928	5	0
50572	9934725	5152928	16	0
50573	9934729	5152928	33	0
50574	9934735	5152927	57	0
50575	9934755	5152924	857	0
50576	9934775	5152921	1020	0
50577	9934798	5152918	1218	0
50578	9934818	5152915	1257	0
50579	9934835	5152912	1092	0
50580	9934822	5152909	1203	0
50581	9934790	5152907	1155	0
50582	9934749	5152905	1272	0
50583	9934702	5152904	1348	0
50584	9934649	5152902	1409	0
50585	9934598	5152901	1300	0
50586	9934553	5152900	1127	0
50587	9934515	5152900	885	0
50588	9934485	5152899	729	0
50589	9934460	5152898	620	0
50590	9934439	5152897	475	0
50591	9934422	5152897	18	0
50592	9934419	5152897	12	0
50593	9934405	5152897	18	0
50594	9934373	5152897	57	0
50595	9934335	5152897	1168	0
50596	9934280	5152898	1416	0
50597	9934220	5152898	1501	0
50598	9934165	5152898	1490	0
50599	9934103	5152898	1479	0
50600	9934043	5152897	1546	0
50601	9933980	5152897	1651	0
50602	9933917	5152896	1651	0
50603	9933855	5152896	1663	0
50604	9933790	5152896	1705	0
50605	9933725	5152897	1696	0
50606	9933659	5152897	1683	0
50607	9933583	5152896	1753	0
50608	9933510	5152896	1759	0
50609	9933442	5152896	1800	0
50610	9933373	5152897	1722	0
50611	9933309	5152896	1711	0
50612	9933244	5152896	1777	0
50613	9933175	5152897	1820	0
50614	9933105	5152899	1809	0
50615	9933039	5152900	1803	0
50616	9932977	5152902	1613	0
50617	9932910	5152904	1666	0
50618	9932843	5152906	1668	0
50619	9932783	5152908	1663	0
50620	9932725	5152910	1589	0
50621	9932670	5152912	1520	0
50622	9932611	5152913	1490	0
50623	9932560	5152915	1394	0
50624	9932507	5152916	1311	0
50625	9932460	5152915	1224	0
50626	9932422	5152913	1151	0
50627	9932397	5152910	1159	0
50628	9932372	5152907	1238	0
50629	9932350	5152904	1203	0
50630	9932320	5152902	1251	0
50631	9932297	5152899	1194	0
50632	9932270	5152896	1203	0
50633	9932239	5152894	1281	0
50634	9932207	5152890	1329	0
50635	9932174	5152888	1316	0
50636	9932141	5152885	1259	0
50637	9932107	5152882	1257	0
50638	9932063	5152879	1400	0
50639	9932023	5152876	1392	0
50640	9931995	5152873	1338	0
50641	9931995	5152873	1338	0
50642	0	0	0	0
50643	9931896	5152865	1138	0
50644	9931876	5152861	1187	0
50645	9931857	5152857	1253	0
50646	9931835	5152852	1366	0
50647	9931835	5152852	1366	0
50648	9931793	5152845	1327	0
50649	9931768	5152842	1322	0
50650	9931746	5152838	1316	0
50651	9931726	5152834	1403	0
50652	9931710	5152831	1418	0
50653	9931692	5152828	1214	0
50654	9931679	5152825	1218	0
50655	9931668	5152821	1326	0
50656	9931659	5152816	1331	0
50657	9931648	5152812	1396	0
50658	9931640	5152808	1322	0
50659	9931628	5152805	1198	0
50660	9931613	5152802	1231	0
50661	9931600	5152798	1320	0
50662	9931590	5152794	1381	0
50663	9931586	5152791	1266	0
50664	9931573	5152787	1426	0
50665	9931555	5152783	1500	0
50666	9931541	5152779	1301	0
50667	9931537	5152776	1235	0
50668	9931535	5152773	1229	0
50669	9931539	5152770	1027	0
50670	9931537	5152768	1074	0
50671	9931535	5152765	888	0
50672	9931541	5152763	883	0
50673	9931546	5152761	1020	0
50674	9931557	5152758	1101	0
50675	9931561	5152755	1024	0
50676	9931570	5152752	994	0
50677	9931583	5152751	709	0
50678	9931592	5152749	794	0
50679	9931600	5152748	714	0
50680	9931599	5152746	609	0
50681	9931600	5152745	538	0
50682	9931597	5152744	29	0
50683	9931592	5152744	29	0
50684	9931583	5152743	59	0
50685	9931572	5152740	850	0
50686	9931552	5152737	1026	0
50687	9931499	5152736	1213	0
50688	9931457	5152734	1129	0
50689	9931415	5152734	1001	0
50690	9931363	5152733	1138	0
50691	9931247	5152730	1492	0
50692	9931247	5152730	1492	0
50693	9931185	5152730	1583	0
50694	9931124	5152730	1548	0
50695	9931058	5152731	1598	0
50696	9930982	5152731	1879	0
50697	9930902	5152732	1964	0
50698	9930821	5152732	1857	0
50699	9930745	5152733	1779	0
50700	9930674	5152733	1707	0
50701	9930674	5152733	1707	0
50702	9930533	5152735	1598	0
50703	9930471	5152736	1407	0
50704	9930413	5152736	1326	0
50705	9930357	5152736	1264	0
50706	9930308	5152738	1324	0
50707	9930266	5152739	1226	0
50708	9930233	5152740	1005	0
50709	9930233	5152743	1103	0
50710	9930233	5152744	1022	0
50711	9930240	5152746	1018	0
50712	9930250	5152747	1007	0
50713	9930265	5152749	1061	0
50714	9930279	5152751	1018	0
50715	9930290	5152753	866	0
50716	9930297	5152755	861	0
50717	9930306	5152757	920	0
50718	9930306	5152757	920	0
50719	9930331	5152761	1014	0
50720	9930338	5152763	1077	0
50721	9930344	5152765	1035	0
50722	9930340	5152767	816	0
50723	9930335	5152770	953	0
50724	9930333	5152772	735	0
50725	9930335	5152773	620	0
50726	9930331	5152774	631	0
50727	9930344	5152775	568	0
50728	9930365	5152776	694	0
50729	9930382	5152776	359	0
50730	9930393	5152777	351	0
50731	9930400	5152778	250	0
50732	9930402	5152780	259	0
50733	9930407	5152780	25	0
50734	9930407	5152780	25	0
50735	9930415	5152780	14	0
50736	9930415	5152780	0	0
50737	9930415	5152780	0	0
50738	9930415	5152780	0	0
50739	9930417	5152780	0	0
50740	9930417	5152780	0	0
50741	9930417	5152780	0	0
50742	9930417	5152780	0	0
50743	9930415	5152780	3	0
50744	9930415	5152780	3	0
50745	9930413	5152780	5	0
50746	9930415	5152780	12	0
50747	9930415	5152781	12	0
50748	9930415	5152781	12	0
50749	9930415	5152781	11	0
50750	9930415	5152782	11	0
50751	9930413	5152782	9	0
50752	9930413	5152782	5	0
50753	9930411	5152783	5	0
50754	9930411	5152783	1	0
50755	9930411	5152783	5	0
50756	9930411	5152783	5	0
50757	9930411	5152782	3	0
