#Zeit [s]	longitude [1e6]	Latitude [1e5]	GPSSpeed [1e2 km/h] 	 Tacho [1e2 km/h]
56883	9930385	5152781	38	0
56884	9930385	5152781	38	0
56885	9930382	5152781	24	0
56886	9930382	5152781	27	0
56887	9930380	5152782	38	0
56888	9930378	5152782	37	0
56889	9930378	5152782	37	0
56890	9930377	5152782	11	0
56891	9930377	5152782	16	0
56892	9930377	5152782	24	0
56893	9930375	5152782	1	0
56894	9930375	5152782	1	0
56895	9930377	5152782	103	0
56896	9930382	5152781	40	0
56897	9930382	5152781	31	256
56898	9930382	5152781	85	256
56899	9930382	5152781	85	256
56900	9930375	5152781	75	0
56901	9930371	5152781	68	0
56902	9930370	5152781	75	0
56903	9930367	5152781	55	0
56904	9930367	5152781	55	478
56905	9930364	5152782	51	510
56906	9930362	5152782	188	633
56907	9930364	5152780	240	797
56908	9930360	5152779	364	933
56909	9930360	5152779	364	1104
56910	9930344	5152774	631	1174
56911	9930338	5152772	642	892
56912	9930330	5152771	677	1168
56913	9930325	5152768	848	1193
56914	9930325	5152768	848	1155
56915	9930308	5152763	1026	1166
56916	9930298	5152760	1113	1189
56917	9930288	5152757	1079	1194
56918	9930277	5152754	1042	1236
56919	9930277	5152754	1042	1244
56920	9930257	5152748	1101	1238
56921	9930248	5152746	1107	1226
56922	9930240	5152741	1207	1278
56923	9930235	5152738	1314	1296
56924	9930235	5152738	1314	959
56925	9930232	5152732	974	1058
56926	9930225	5152730	807	1060
56927	9930222	5152728	794	1010
56928	9930219	5152725	874	974
56929	9930219	5152725	874	954
56930	9930232	5152718	1000	1094
56931	9930259	5152715	1100	1168
56932	9930291	5152714	1190	1218
56933	9930338	5152713	1263	1234
56934	9930338	5152713	1263	933
56935	9930433	5152711	1146	1170
56936	9930485	5152710	1179	1222
56937	9930533	5152710	1168	1322
56938	9930585	5152709	1320	1022
56939	9930585	5152709	1320	1405
56940	9930694	5152707	1411	1529
56941	9930750	5152707	1307	1529
56942	9930808	5152707	1416	1529
56943	9930872	5152707	1422	916
56944	9930872	5152707	1422	1227
56945	9930995	5152707	1305	1221
56946	9931042	5152707	1059	1126
56947	9931078	5152708	977	1097
56948	9931115	5152709	931	1106
56949	9931115	5152709	931	1090
56950	9931195	5152709	883	1045
56951	9931235	5152709	872	995
56952	9931273	5152709	863	962
56953	9931307	5152709	792	928
56954	9931307	5152709	792	709
56955	9931383	5152711	979	862
56956	9931423	5152712	988	963
56957	9931461	5152713	1083	1084
56958	9931499	5152714	1016	1077
56959	9931499	5152714	1016	1042
56960	9931559	5152717	796	975
56961	9931583	5152717	711	972
56962	9931593	5152718	501	1006
56963	9931597	5152719	498	1045
56964	9931597	5152719	498	1128
56965	9931593	5152724	907	1230
56966	9931602	5152726	898	1266
56967	9931600	5152729	1068	1295
56968	9931595	5152731	1122	1274
56969	9931595	5152731	1122	1108
56970	9931585	5152737	1046	1051
56971	9931580	5152739	892	1049
56972	9931577	5152741	700	1165
56973	9931573	5152744	750	1225
56974	9931573	5152744	750	1293
56975	9931572	5152749	1083	1346
56976	9931572	5152752	1142	1377
56977	9931572	5152755	1276	1377
56978	9931583	5152758	1364	866
56979	9931583	5152758	1364	1302
56980	9931599	5152764	1255	1027
56981	9931603	5152767	1251	1405
56982	9931606	5152771	1344	1531
56983	9931610	5152775	1283	1608
56984	9931610	5152775	1283	1636
56985	9931619	5152783	1587	1639
56986	9931623	5152786	1464	1643
56987	9931626	5152790	1338	1638
56988	9931640	5152794	1448	1629
56989	9931640	5152794	1448	1602
56990	9931662	5152802	1361	1578
56991	9931675	5152806	1450	1048
56992	9931686	5152810	1392	917
56993	9931700	5152813	1333	1415
56994	9931700	5152813	1333	1533
56995	9931740	5152821	1453	1525
56996	9931760	5152825	1294	1496
56997	9931780	5152829	1503	1499
56998	9931802	5152833	1353	1108
56999	9931802	5152833	1353	1311
57000	9931855	5152839	1324	1413
57001	9931887	5152842	1389	1469
57002	9931922	5152845	1381	1488
57003	9931953	5152848	1390	1120
57004	9931953	5152848	1390	1298
57005	9932016	5152854	1381	1219
57006	9932049	5152857	1344	1377
57007	9932080	5152860	1350	1053
57008	9932110	5152863	1390	1244
57009	9932110	5152863	1390	1394
57010	9932167	5152869	1379	1468
57011	9932199	5152872	1420	1505
57012	9932237	5152875	1587	1539
57013	9932275	5152879	1489	1140
57014	9932275	5152879	1489	1345
57015	9932333	5152884	1309	1345
57016	9932359	5152887	1207	1159
57017	9932382	5152890	1088	1191
57018	9932402	5152892	983	1078
57019	9932402	5152892	983	1022
57020	9932457	5152897	981	1041
57021	9932502	5152899	1018	1167
57022	9932542	5152900	966	1211
57023	9932585	5152900	1113	1421
57024	9932585	5152900	1113	1091
57025	9932680	5152898	1285	1362
57026	9932729	5152897	1196	1353
57027	9932772	5152895	1088	1341
57028	9932823	5152895	1127	1343
57029	9932823	5152895	1127	1360
57030	9932910	5152893	1057	1406
57031	9932965	5152891	1170	1417
57032	9933013	5152889	1231	1459
57033	9933064	5152889	1122	1102
57034	9933064	5152889	1122	1102
57035	9933167	5152888	1172	1140
57036	9933220	5152888	1314	1313
57037	9933278	5152889	1346	1030
57038	9933342	5152890	1409	887
57039	9933342	5152890	1409	1322
57040	9933465	5152892	1372	1026
57041	9933525	5152892	1363	1274
57042	9933577	5152892	1179	1268
57043	9933632	5152892	1142	1208
57044	9933632	5152892	1142	1152
57045	9933728	5152891	937	1092
57046	9933770	5152891	905	1042
57047	9933812	5152891	824	980
57048	9933850	5152891	700	862
57049	9933850	5152891	700	746
57050	9933895	5152891	268	746
57051	9933910	5152891	151	746
57052	9933918	5152891	107	0
57053	9933927	5152891	75	0
57054	9933927	5152891	75	0
57055	9933931	5152891	64	0
57056	9933935	5152891	68	0
57057	9933935	5152891	96	0
57058	9933935	5152890	66	0
57059	9933935	5152890	66	0
57060	9933933	5152890	0	0
57061	9933933	5152890	0	0
57062	9933933	5152890	31	0
57063	9933935	5152890	35	0
57064	9933935	5152890	35	0
57065	9933937	5152891	0	0
57066	9933937	5152891	0	0
57067	9933937	5152891	0	0
57068	9933938	5152891	70	0
57069	9933938	5152891	70	0
57070	9933938	5152891	74	0
57071	9933937	5152891	0	0
57072	9933937	5152891	0	0
57075	9933942	5152891	311	2257
57076	9933955	5152891	648	1415
57077	9933998	5152892	1037	1270
57078	9934050	5152894	1116	1209
57079	9934050	5152894	1116	1206
57080	9934154	5152895	1277	1301
57081	9934215	5152895	1320	1023
57082	9934277	5152895	1474	1504
57083	9934345	5152895	1614	1595
57084	9934345	5152895	1614	1595
57085	9934473	5152896	1479	1291
57086	9934538	5152897	1444	1419
57087	9934602	5152897	1446	1288
57088	9934664	5152896	1389	1428
57089	9934664	5152896	1389	1444
57090	9934782	5152897	1348	1444
57091	9934845	5152897	1420	910
57092	9934908	5152898	1470	1393
57093	9934975	5152898	1524	1518
57094	9934975	5152898	1524	1135
57095	9935102	5152899	1342	1363
57096	9935159	5152899	1331	1420
57097	9935215	5152899	1344	1427
57098	9935271	5152900	1337	1078
57099	9935271	5152900	1337	1278
57100	9935380	5152900	1340	1245
57101	9935438	5152900	1370	1402
57102	9935498	5152900	1361	1438
57103	9935554	5152900	1329	1451
57104	9935554	5152900	1329	1083
57105	9935660	5152900	1276	1334
57106	9935712	5152900	1272	1419
57107	9935763	5152899	1261	1390
57108	9935815	5152899	1081	1389
57109	9935815	5152899	1081	1376
57110	9935918	5152900	1300	1389
57111	9935968	5152901	1240	1427
57112	9936018	5152902	1283	1427
57113	9936077	5152903	1351	960
57114	9936077	5152903	1351	1305
57115	9936203	5152904	1472	1494
57116	9936268	5152905	1464	1537
57117	9936330	5152906	1507	1532
57118	9936385	5152907	1509	1589
57119	9936385	5152907	1509	1644
57120	9936505	5152909	1520	1724
57121	9936566	5152910	1583	1781
57122	9936633	5152910	1666	1787
57123	9936700	5152911	1653	1816
57124	9936700	5152911	1653	1815
57125	9936840	5152912	1629	1736
57126	9936912	5152912	1570	1280
57127	9936975	5152913	1490	1031
57128	9937034	5152913	1389	1358
57129	9937034	5152913	1389	1362
57130	9937152	5152913	1272	1363
57131	9937210	5152912	1416	1414
57132	9937270	5152912	1294	1066
57133	9937330	5152912	1353	1325
57134	9937330	5152912	1353	1376
57135	9937440	5152912	1340	1394
57136	9937493	5152913	1311	1059
57137	9937550	5152913	1379	1336
57138	9937609	5152913	1416	1375
57139	9937609	5152913	1416	1345
57140	9937723	5152913	1170	1309
57141	9937775	5152913	1166	1244
57142	9937821	5152913	1155	1246
57143	9937866	5152913	1142	1325
57144	9937866	5152913	1142	1304
57145	9937953	5152915	972	960
57146	9937995	5152915	974	1074
57147	9938033	5152916	972	836
57148	9938082	5152916	1055	1020
57149	9938082	5152916	1055	806
57150	9938171	5152916	1024	987
57151	9938227	5152916	992	1105
57152	9938272	5152916	872	1109
57153	9938302	5152916	692	1083
57154	9938302	5152916	692	1073
57155	9938363	5152917	859	1089
57156	9938401	5152917	907	1061
57157	9938435	5152917	814	986
57158	9938457	5152919	724	986
57159	9938457	5152919	724	986
57160	9938492	5152920	20	0
57161	9938498	5152919	9	0
57162	9938505	5152918	1	0
57163	9938510	5152917	0	0
57164	9938510	5152917	0	0
57165	9938508	5152917	3	0
57166	9938508	5152917	5	0
57167	9938505	5152917	3	0
57168	9938505	5152917	1	0
57169	9938505	5152917	1	0
57170	9938505	5152917	3	0
57171	9938505	5152917	3	0
57172	9938507	5152917	3	0
57173	9938508	5152917	7	0
57174	9938508	5152917	7	0
57175	9938515	5152916	9	0
57176	9938517	5152916	9	0
57177	9938519	5152916	5	0
57178	9938519	5152916	5	175
57179	9938519	5152916	5	347
57180	9938530	5152916	457	582
57181	9938555	5152917	561	775
57182	9938590	5152918	918	1035
57183	9938633	5152920	1031	1032
57184	9938633	5152920	1031	996
57185	9938717	5152920	901	973
57186	9938760	5152920	901	975
57187	9938800	5152920	866	932
57188	9938837	5152920	674	815
57189	9938837	5152920	674	669
57190	9938889	5152920	333	669
57191	9938902	5152920	138	669
57192	9938905	5152920	127	0
57193	9938907	5152920	83	0
57194	9938907	5152920	83	0
57195	9938909	5152920	70	0
57196	9938910	5152920	59	0
57197	9938910	5152920	9	0
57198	9938910	5152920	0	0
57199	9938910	5152920	0	0
57200	9938910	5152920	18	0
57201	9938910	5152920	35	0
57202	9938910	5152920	59	0
57203	9938910	5152920	79	0
57204	9938910	5152920	79	0
57205	9938911	5152919	83	0
57206	9938911	5152919	62	0
57207	9938911	5152919	225	0
57208	9938903	5152919	468	0
57209	9938895	5152919	475	183
57210	9938891	5152919	475	183
57211	9938882	5152921	561	675
57212	9938875	5152922	759	858
57213	9938867	5152924	850	998
57214	9938860	5152926	931	1199
57215	9938851	5152930	1203	1370
57216	9938840	5152933	1263	1056
57217	9938822	5152936	1346	1436
57218	9938797	5152940	1474	1587
57219	9938778	5152944	1405	1640
57220	9938760	5152947	1226	1658
57221	9938740	5152950	1222	1681
57222	9938722	5152954	1596	1678
57223	9938705	5152958	1605	1692
57224	9938685	5152962	1668	1758
57225	9938668	5152966	1598	1800
57226	9938653	5152970	1426	1847
57227	9938637	5152974	1692	1891
57228	9938622	5152979	1722	1904
57229	9938608	5152984	1840	1914
57230	9938600	5152989	1916	1944
57231	9938590	5152994	1870	1965
57232	9938573	5152999	2005	1992
57233	9938555	5153004	2002	2010
57234	9938555	5153004	2002	1742
57235	9938533	5153015	2126	1863
57236	9938540	5153021	2168	1848
57237	9938539	5153025	1852	1499
57238	9938532	5153029	1689	1624
57239	9938532	5153029	1689	1734
57240	9938488	5153035	1394	1794
57241	9938481	5153038	1188	1822
57242	9938477	5153041	1238	1621
57243	9938467	5153044	1235	1806
57244	9938467	5153044	1235	1849
57245	9938441	5153050	1433	1578
57246	9938428	5153053	1389	1724
57247	9938388	5153056	1346	1734
57248	9938372	5153060	1259	1756
57249	9938372	5153060	1259	1791
57250	9938338	5153066	1207	1788
57251	9938323	5153069	1066	1782
57252	9938310	5153072	990	1771
57253	9938292	5153076	1109	1754
57254	9938292	5153076	1109	1506
57255	9938242	5153085	1385	1655
57256	9938222	5153090	1390	1691
57257	9938203	5153093	1240	1717
57258	9938178	5153097	1153	1721
57259	9938178	5153097	1153	1720
57260	9938142	5153102	981	1710
57261	9938124	5153106	1126	1700
57262	9938105	5153109	1163	1681
57263	9938079	5153113	1379	1653
57264	9938079	5153113	1379	1622
57265	9938026	5153120	1392	1560
57266	9937997	5153124	1355	1560
57267	9937968	5153128	1351	1035
57268	9937946	5153132	1172	893
57269	9937946	5153132	1172	822
57270	9937905	5153139	1037	782
57271	9937890	5153142	1033	1252
57272	9937872	5153146	1087	1363
57273	9937847	5153149	1014	1395
57274	9937847	5153149	1014	1033
57275	9937868	5153157	781	1116
57276	9937886	5153161	831	1011
57277	9937905	5153164	961	1022
57278	9937932	5153167	1105	1081
57279	9937932	5153167	1105	1203
57280	9938012	5153171	1418	1342
57281	9938062	5153174	1596	1470
57282	9938113	5153176	1607	1542
57283	9938165	5153178	1609	1547
57284	9938165	5153178	1609	1539
57285	9938269	5153182	1403	1157
57286	9938316	5153184	1344	1333
57287	9938370	5153185	1479	1691
57288	9938430	5153187	1633	1739
57289	9938430	5153187	1633	1660
57290	9938548	5153190	1450	1660
57291	9938599	5153191	1288	1022
57292	9938646	5153192	1300	1453
57293	9938695	5153194	1392	1583
57294	9938695	5153194	1392	1627
57295	9938813	5153197	1498	1616
57296	9938875	5153198	1427	1608
57297	9938931	5153199	1437	1625
57298	9938983	5153200	1383	1628
57299	9938983	5153200	1383	1645
57300	9939096	5153204	1455	1679
57301	9939160	5153205	1468	1525
57302	9939215	5153206	1439	1745
57303	9939263	5153211	1546	1833
57304	9939263	5153211	1546	1906
57305	9939363	5153218	1694	1913
57306	9939413	5153221	1687	1929
57307	9939464	5153225	1796	1677
57308	9939508	5153229	1533	1834
57309	9939508	5153229	1533	1899
57310	9939635	5153235	1879	1917
57311	9939682	5153238	1826	1940
57312	9939736	5153241	1759	1711
57313	9939790	5153245	1748	1906
57314	9939790	5153245	1748	1725
57315	9939932	5153248	1779	1934
57316	9939992	5153251	1790	1740
57317	9940046	5153254	1781	1966
57318	9940106	5153258	1770	1991
57319	9940106	5153258	1770	1981
57320	9940233	5153264	1829	1953
57321	9940287	5153267	1783	1946
57322	9940345	5153270	1783	1725
57323	9940403	5153274	1876	1930
57324	9940403	5153274	1876	1742
57325	9940508	5153284	1822	1982
57326	9940560	5153288	1889	2010
57327	9940614	5153292	1989	1965
57328	9940668	5153296	2020	1938
57329	9940668	5153296	2020	1870
57330	9940785	5153303	1879	1792
57331	9940830	5153307	1601	1493
57332	9940858	5153310	1377	1608
57333	9940880	5153312	1207	1651
57334	9940880	5153312	1207	1659
57335	9940940	5153316	1351	1645
57336	9940991	5153319	1651	1653
57337	9941051	5153321	1650	1697
57338	9941112	5153324	1703	1741
57339	9941112	5153324	1703	1803
57340	9941241	5153329	1798	1812
57341	9941307	5153331	1703	1829
57342	9941372	5153333	1759	1846
57343	9941440	5153335	1766	1857
57344	9941440	5153335	1766	1864
57345	9941568	5153338	1674	1888
57346	9941625	5153340	1540	1911
57347	9941682	5153344	1742	1891
57348	9941742	5153347	1813	1906
57349	9941742	5153347	1813	1883
57350	9941867	5153352	1835	1893
57351	9941928	5153355	1764	1858
57352	9941985	5153358	1777	1794
57353	9942037	5153361	1724	1757
57354	9942037	5153361	1724	1752
57355	9942108	5153370	1742	1609
57356	9942133	5153374	1787	1866
57357	9942152	5153379	1902	2042
57358	9942162	5153384	1900	2126
57359	9942162	5153384	1900	2160
57360	9942175	5153394	1983	2176
57361	9942175	5153394	1983	2189
57362	9942179	5153399	2029	2197
57363	9942180	5153405	2098	2183
57364	9942179	5153410	2127	2144
57365	9942168	5153421	2103	2089
57366	9942160	5153426	2040	2061
57367	9942155	5153432	2039	2030
57368	9942155	5153437	1918	1986
57369	9942155	5153437	1918	1904
57370	9942159	5153446	1470	1342
57371	9942162	5153449	1153	1177
57372	9942165	5153451	805	926
57373	9942165	5153452	533	823
57374	9942165	5153452	533	928
57375	9942166	5153457	924	1214
57376	9942162	5153461	1120	1357
57377	9942140	5153464	1405	1534
57378	9942119	5153468	1409	1480
57379	9942119	5153468	1409	1541
57380	9942095	5153474	1187	1754
57381	9942083	5153478	1389	1830
57382	9942077	5153481	1377	2003
57383	9942068	5153485	1605	2047
57384	9942068	5153485	1605	2059
57385	9942048	5153495	1840	2113
57386	9942043	5153500	1885	1927
57387	9942045	5153504	1842	2270
57388	9942050	5153510	1957	2382
57389	9942050	5153510	1957	2406
57390	9942053	5153521	2100	2395
57391	9942050	5153527	2159	2406
57392	9942045	5153533	2168	2447
57393	9942039	5153539	2333	2323
57394	9942039	5153539	2333	2381
57395	9942019	5153552	2396	2288
57396	9942005	5153558	2129	1828
57397	9941990	5153563	1872	1915
57398	9941970	5153567	1742	1699
57399	9941970	5153567	1742	1833
57400	9941950	5153577	1859	1848
57401	9941935	5153582	1794	1831
57402	9941930	5153586	1629	1947
57403	9941927	5153591	1866	2160
57404	9941927	5153591	1866	2224
57405	9941907	5153602	2114	2224
57406	9941885	5153607	2027	2173
57407	9941865	5153613	2259	2115
57408	9941855	5153620	2270	1993
57409	9941855	5153620	2270	1875
57410	9941865	5153630	1768	1699
57411	9941870	5153634	1548	1688
57412	9941867	5153639	1496	1879
57413	9941868	5153642	1348	1984
57414	9941868	5153642	1348	2085
57415	9941872	5153649	1550	2103
57416	9941870	5153653	1557	2110
57417	9941865	5153658	1689	2016
57418	9941865	5153663	1689	1660
57419	9941865	5153663	1689	1762
57420	9941867	5153671	1598	1751
57421	9941867	5153675	1657	1317
57422	9941874	5153679	1574	1437
57423	9941894	5153684	1687	1677
57424	9941894	5153684	1687	1756
57425	9941978	5153699	1687	1797
57426	9942019	5153706	1739	1576
57427	9942055	5153711	1827	1718
57428	9942090	5153715	1646	1690
57429	9942090	5153715	1646	1655
57430	9942153	5153723	1564	1643
57431	9942185	5153727	1577	1679
57432	9942215	5153731	1581	1750
57433	9942258	5153736	1894	1797
57434	9942258	5153736	1894	1846
57435	9942333	5153744	1716	1851
57436	9942367	5153747	1657	1602
57437	9942402	5153752	1801	1738
57438	9942436	5153755	1790	1752
57439	9942436	5153755	1790	1744
57440	9942483	5153763	1659	1708
57441	9942502	5153767	1526	1703
57442	9942513	5153771	1518	1699
57443	9942520	5153774	1411	1523
57444	9942520	5153774	1411	1703
57445	9942533	5153781	1353	1724
57446	9942540	5153784	1294	1739
57447	9942538	5153787	1288	1746
57448	9942533	5153791	1298	1761
57449	9942533	5153791	1298	1764
57450	9942529	5153798	1396	1749
57451	9942525	5153803	1446	1725
57452	9942523	5153807	1398	1690
57453	9942522	5153810	1146	1665
57454	9942522	5153810	1146	1734
57455	9942512	5153817	1394	1724
57456	9942505	5153822	1513	1753
57457	9942500	5153826	1513	1766
57458	9942493	5153830	1542	1806
57459	9942493	5153830	1542	1836
57460	9942483	5153840	1729	1792
57461	9942480	5153845	1759	1719
57462	9942476	5153851	1764	1682
57463	9942470	5153855	1605	1667
57464	9942470	5153855	1605	1668
57465	9942462	5153864	1466	1667
57466	9942460	5153868	1644	1657
57467	9942456	5153872	1601	1643
57468	9942455	5153877	1514	1473
57469	9942455	5153877	1514	1661
57470	9942456	5153884	1394	1688
57471	9942451	5153887	1263	1682
57472	9942445	5153891	1270	1349
57473	9942433	5153895	1368	1434
57474	9942433	5153895	1368	1416
57475	9942411	5153903	1387	1391
57476	9942404	5153906	1185	1392
57477	9942397	5153909	1181	1407
57478	9942390	5153912	1338	1426
57479	9942390	5153912	1338	1409
57480	9942385	5153919	1311	1401
57481	9942380	5153922	1251	1035
57482	9942380	5153925	1005	1196
57483	9942377	5153928	948	1208
57484	9942377	5153928	948	1178
57485	9942357	5153932	935	1184
57486	9942350	5153935	976	1186
57487	9942353	5153938	964	1053
57488	9942355	5153940	637	818
57489	9942355	5153940	637	818
57490	9942358	5153943	20	818
57491	9942362	5153944	11	0
57492	9942365	5153945	5	0
57493	9942367	5153945	3	0
57494	9942367	5153945	3	0
57495	9942367	5153945	0	0
57496	9942367	5153945	0	0
57497	9942369	5153945	1	0
57498	9942369	5153945	1	0
57499	9942369	5153945	1	0
57500	9942367	5153945	1	0
57501	9942367	5153945	3	0
57502	9942367	5153946	3	0
57503	9942369	5153946	0	0
57504	9942369	5153946	0	0
57505	9942367	5153946	1	0
57506	9942369	5153946	0	0
57507	9942369	5153946	0	0
57508	9942369	5153946	0	0
57509	9942369	5153946	0	0
57510	9942369	5153946	0	0
57511	9942369	5153946	0	0
57512	9942369	5153946	0	0
57513	9942369	5153946	0	0
57514	9942369	5153946	0	0
57515	9942369	5153946	0	0
57516	9942367	5153946	96	0
57517	9942364	5153946	0	0
57518	9942364	5153946	0	0
57519	9942364	5153946	0	0
57520	9942364	5153946	0	0
57521	9942364	5153946	0	0
57522	9942364	5153946	0	0
57523	9942364	5153946	0	0
57524	9942364	5153946	0	0
57525	9942364	5153946	0	0
57526	9942364	5153946	11	0
57527	9942365	5153946	38	0
57528	9942364	5153946	48	0
57529	9942364	5153946	48	0
57530	9942362	5153946	61	0
57531	9942360	5153946	0	0
57532	9942360	5153946	0	0
57533	9942360	5153946	0	0
57534	9942360	5153946	0	295
57535	9942360	5153946	0	575
57536	9942360	5153946	0	777
57537	9942357	5153946	337	917
57538	9942358	5153948	400	1013
57539	9942358	5153948	400	1027
57540	9942370	5153953	637	1051
57541	9942369	5153955	981	1197
57542	9942362	5153958	1127	1360
57543	9942342	5153961	1118	1531
57544	9942342	5153961	1118	1661
57545	9942278	5153969	1642	1737
57546	9942255	5153973	1505	1804
57547	9942237	5153977	1679	1624
57548	9942220	5153982	1905	1877
57549	9942220	5153982	1905	1990
57550	9942172	5153991	1955	2059
57551	9942146	5153997	2016	2094
57552	9942120	5154002	2029	2120
57553	9942088	5154006	1835	2126
57554	9942088	5154006	1835	2159
57555	9942035	5154016	2016	2121
57556	9942014	5154021	2074	2105
57557	9941992	5154025	1805	2111
57558	9941965	5154032	2040	2103
57559	9941965	5154032	2040	2108
57560	9941935	5154043	2068	2108
57561	9941916	5154048	1996	2128
57562	9941900	5154052	1837	2136
57563	9941875	5154058	2124	2133
57564	9941875	5154058	2124	2080
57565	9941835	5154069	1968	2062
57566	9941823	5154073	1790	2051
57567	9941823	5154073	1790	2026
57568	9941792	5154083	1905	1977
57569	9941792	5154083	1905	1935
57570	9941749	5154093	1789	1903
57571	9941749	5154093	1789	1919
57572	9941725	5154097	1716	1918
57573	9941682	5154106	1737	1614
57574	9941682	5154106	1737	1781
57575	9941640	5154115	1753	1797
57576	9941622	5154119	1651	1815
57577	9941604	5154123	1690	1849
57578	9941604	5154123	1690	1892
57579	9941588	5154128	1733	1879
57580	9941560	5154136	1674	1843
57581	9941542	5154140	1539	1825
57582	9941526	5154144	1483	1851
57583	9941508	5154147	1490	1924
57584	9941508	5154147	1490	1966
57585	9941512	5154157	1666	1945
57586	9941502	5154162	1668	1935
57587	9941490	5154166	1559	1621
57588	9941479	5154170	1546	1745
57589	9941479	5154170	1546	1728
57590	9941450	5154180	1570	1698
57591	9941437	5154184	1564	1707
57592	9941423	5154188	1507	1777
57593	9941412	5154192	1472	1848
57594	9941412	5154192	1472	1899
57595	9941377	5154199	1272	1687
57596	9941355	5154203	1377	1878
57597	9941330	5154209	1763	1955
57598	9941310	5154213	1711	1958
57599	9941310	5154213	1711	1977
57600	9941300	5154225	1796	1978
57601	9941278	5154229	1805	1666
57602	9941258	5154233	1611	1796
57603	9941243	5154239	1700	1841
57604	9941243	5154239	1700	1902
57605	9941210	5154247	1511	1940
57606	9941190	5154252	1576	1911
57607	9941167	5154256	1755	1943
57608	9941136	5154262	1755	1971
57609	9941136	5154262	1755	1779
57610	9941093	5154270	1700	2067
57611	9941080	5154275	1711	2124
57612	9941060	5154279	1707	1879
57613	9941038	5154284	1698	2109
57614	9941038	5154284	1698	2117
57615	9940982	5154293	1759	2091
57616	9940982	5154293	1759	2034
57617	9940950	5154297	1746	2004
57618	9940920	5154302	1653	2049
57619	9940891	5154307	1748	2082
57620	9940868	5154311	1805	1836
57621	9940817	5154321	1811	2045
57622	9940797	5154325	1724	2080
57623	9940772	5154329	1539	2098
57624	9940772	5154329	1539	2067
57625	9940750	5154340	1701	2033
57626	9940737	5154344	1598	2058
57627	9940723	5154348	1470	2068
57628	9940732	5154353	1539	2093
57629	9940732	5154353	1539	2098
57630	9940725	5154357	1372	2075
57631	9940697	5154367	1744	2081
57632	9940681	5154371	1694	2053
57633	9940667	5154377	1772	1791
57634	9940667	5154377	1772	1971
57635	9940652	5154382	1763	1858
57636	9940607	5154394	1720	1818
57637	9940607	5154394	1720	1812
57638	9940588	5154400	1618	1745
57639	9940572	5154404	1511	1673
57640	9940547	5154414	1338	1567
57641	9940541	5154419	1290	1490
57642	9940534	5154424	1287	1364
57643	9940516	5154428	1276	1302
57644	9940516	5154428	1276	1157
57645	9940485	5154435	859	1056
57646	9940472	5154438	814	950
57647	9940460	5154440	766	833
57648	9940452	5154443	624	833
57649	9940452	5154443	624	833
57650	9940442	5154446	438	553
57651	9940440	5154448	368	553
57652	9940442	5154449	429	527
57653	9940442	5154451	548	527
57654	9940442	5154451	548	466
57655	9940447	5154453	18	466
57656	9940450	5154454	5	466
57657	9940452	5154454	7	0
57658	9940452	5154455	3	0
57659	9940452	5154455	3	0
57660	9940452	5154455	0	0
57661	9940452	5154455	0	0
57662	9940452	5154455	0	0
57663	9940452	5154455	0	0
57664	9940452	5154455	0	0
57665	9940452	5154455	0	0
57666	9940452	5154455	0	0
57667	9940452	5154455	0	0
57668	9940452	5154455	0	0
57669	9940452	5154455	0	0
57670	9940452	5154455	0	0
57671	9940452	5154455	0	0
57672	9940452	5154455	0	0
57673	9940450	5154455	0	0
57674	9940450	5154455	0	0
57675	9940450	5154455	0	0
57676	9940450	5154455	0	0
57677	9940450	5154455	0	0
57678	9940450	5154455	0	137
57679	9940450	5154455	0	732
57680	9940450	5154455	0	887
57681	9940449	5154456	411	970
57682	9940445	5154459	527	1038
57683	9940438	5154460	572	1066
57684	9940438	5154460	572	1174
57685	9940412	5154465	970	1247
57686	9940393	5154468	1181	1429
57687	9940375	5154473	1494	1570
57688	9940356	5154477	1505	1667
57689	9940356	5154477	1505	1727
57690	9940313	5154487	1585	1722
57691	9940313	5154487	1585	1677
57692	9940275	5154495	1546	1625
57693	9940260	5154499	1461	1611
57694	9940260	5154499	1461	1622
57695	9940244	5154503	1448	1626
57696	9940205	5154511	1603	1622
57697	9940182	5154515	1557	1636
57698	9940164	5154519	1570	1657
57699	9940164	5154519	1570	1645
57700	9940113	5154527	1490	1647
57701	9940090	5154530	1585	1676
57702	9940070	5154534	1544	1768
57703	9940052	5154539	1750	1830
57704	9940052	5154539	1750	1840
57705	9940019	5154548	1703	1810
57706	9940000	5154553	1716	1779
57707	9939983	5154558	1803	1771
57708	9939965	5154562	1744	1790
57709	9939965	5154562	1744	1779
57710	9939925	5154571	1703	1513
57711	9939907	5154575	1642	1628
57712	9939890	5154580	1653	1650
57713	9939870	5154584	1639	1666
57714	9939870	5154584	1639	1685
57715	9939835	5154592	1614	1677
57716	9939828	5154597	1609	1703
57717	9939816	5154601	1594	1694
57718	9939805	5154605	1698	1717
57719	9939805	5154605	1698	1762
57720	9939770	5154614	1739	1788
57721	9939754	5154619	1690	1782
57722	9939742	5154623	1696	1760
57723	9939734	5154628	1690	1744
57724	9939734	5154628	1690	1731
57725	9939707	5154636	1590	1720
57726	9939692	5154640	1605	1718
57727	9939673	5154643	1509	1717
57728	9939658	5154647	1461	1670
57729	9939658	5154647	1461	1644
57730	9939636	5154654	1524	1629
57731	9939623	5154658	1518	1450
57732	9939610	5154662	1639	1645
57733	9939595	5154666	1590	1687
57734	9939595	5154666	1590	1679
57735	9939565	5154674	1572	1687
57736	9939565	5154674	1572	1653
57737	9939537	5154682	1457	1628
57738	9939522	5154685	1455	1645
57739	9939522	5154685	1455	1673
57740	9939482	5154693	1700	1667
57741	9939464	5154697	1639	1649
57742	9939464	5154697	1639	1436
57743	9939442	5154701	1594	1605
57744	9939426	5154705	1464	1666
57745	9939412	5154708	1477	1672
57746	9939397	5154712	1587	1675
57747	9939377	5154715	1555	1638
57748	9939348	5154723	1576	1605
57749	9939348	5154723	1576	1603
57750	9939322	5154732	1542	1612
57751	9939322	5154732	1542	1633
57752	9939297	5154740	1509	1611
57753	9939283	5154743	1511	1201
57754	9939283	5154743	1511	1371
57755	9939272	5154747	1364	1308
57756	9939247	5154755	1376	1491
57757	9939234	5154759	1374	1557
57758	9939234	5154759	1374	1597
57759	9939217	5154762	1426	1637
57760	9939200	5154767	1563	1683
57761	9939185	5154771	1555	1701
57762	9939152	5154779	1509	1677
57763	9939137	5154783	1461	1655
57764	9939137	5154783	1461	1645
57765	9939103	5154791	1561	1679
57766	9939089	5154794	1561	1684
57767	9939069	5154798	1551	1691
57768	9939050	5154802	1596	1701
57769	9939050	5154802	1596	1697
57770	9939022	5154810	1566	1693
57771	9939009	5154815	1601	1688
57772	9938996	5154819	1616	1697
57773	9938989	5154823	1692	1507
57774	9938989	5154823	1692	1696
57775	9938978	5154832	1707	1753
57776	9938978	5154832	1707	1787
57777	9938962	5154841	1689	1814
57778	9938953	5154845	1681	1833
57779	9938953	5154845	1681	1815
57780	9938938	5154854	1676	1800
57781	9938938	5154854	1676	1803
57782	9938933	5154858	1646	1787
57783	9938931	5154863	1733	1766
57784	9938930	5154867	1731	1740
57785	9938930	5154872	1720	1718
57786	9938922	5154876	1629	1717
57787	9938911	5154881	1622	1737
57788	9938909	5154885	1677	1775
57789	9938898	5154889	1494	1766
57790	9938890	5154893	1448	1741
57791	9938876	5154897	1514	1738
57792	9938862	5154901	1503	1704
57793	9938862	5154901	1503	1682
57794	9938840	5154909	1492	1693
57795	9938830	5154912	1481	1709
57796	9938820	5154917	1444	1690
57797	9938817	5154921	1550	1676
57798	9938808	5154929	1650	1467
57799	9938808	5154929	1650	1644
57800	9938798	5154934	1696	1671
57801	9938785	5154938	1563	1661
57802	9938780	5154942	1451	1628
57803	9938777	5154946	1507	1601
57804	9938766	5154950	1550	1564
57805	9938753	5154958	1535	1508
57806	9938748	5154962	1426	1459
57807	9938748	5154962	1426	1363
57808	9938742	5154968	1150	1268
57809	9938742	5154968	1150	1246
57810	9938748	5154974	1081	1232
57811	9938750	5154978	1042	1224
57812	9938765	5154981	1033	1204
57813	9938770	5154984	1063	1233
57814	9938770	5154984	1063	1227
57815	9938790	5154990	1105	1208
57816	9938795	5154993	1146	1182
57817	9938800	5154996	1113	1156
57818	9938805	5154999	1014	1168
57819	9938805	5154999	1014	1208
57820	9938807	5155005	1064	1306
57821	9938807	5155008	1064	1365
57822	9938805	5155011	1127	1354
57823	9938805	5155015	1179	1412
57824	9938805	5155015	1179	1418
57825	9938802	5155021	1364	1415
57826	9938805	5155025	1474	1439
57827	9938807	5155029	1414	975
57828	9938805	5155033	1420	1417
57829	9938805	5155033	1420	1545
57830	9938802	5155036	1370	1586
57831	9938800	5155044	1401	1618
57832	9938800	5155044	1401	1660
57833	9938810	5155052	1409	1721
57834	9938810	5155052	1409	1840
57835	9938822	5155060	1661	1951
57836	9938831	5155065	1570	1994
57837	9938845	5155069	1698	2059
57838	9938864	5155074	1894	2133
57839	9938864	5155074	1894	2189
57840	9938882	5155079	2002	2250
57841	9938933	5155089	2096	1977
57842	9938956	5155095	2107	2251
57843	9938980	5155100	2153	2285
57844	9938980	5155100	2153	2293
57845	9939029	5155112	2024	2284
57846	9939050	5155118	2013	2272
57847	9939070	5155124	2000	2255
57848	9939090	5155130	1964	2233
57849	9939090	5155130	1964	2275
57850	9939147	5155141	2161	2291
57851	9939181	5155147	2209	2284
57852	9939217	5155152	2087	2257
57853	9939252	5155158	2242	2231
57854	9939252	5155158	2242	1919
57855	9939312	5155169	2153	2113
57856	9939345	5155175	1953	2144
57857	9939379	5155180	2040	2140
57858	9939415	5155185	1942	2126
57859	9939415	5155185	1942	2109
57860	9939484	5155196	2118	2099
57861	9939515	5155200	1977	2087
57862	9939544	5155205	1877	2062
57863	9939571	5155209	1666	1777
57864	9939571	5155209	1666	1980
57865	9939629	5155218	1844	1975
57866	9939656	5155223	1855	1985
57867	9939689	5155227	1920	2000
57868	9939720	5155232	1905	1996
57869	9939720	5155232	1905	1984
57870	9939785	5155240	1611	1987
57871	9939825	5155243	1792	2016
57872	9939867	5155248	1866	2004
57873	9939905	5155253	1866	1970
57874	9939905	5155253	1866	1910
57875	9939977	5155261	1846	1548
57876	9940010	5155266	1735	1588
57877	9940040	5155270	1596	1170
57878	9940068	5155274	1514	1297
57879	9940068	5155274	1514	1321
57880	9940115	5155280	1381	1286
57881	9940133	5155284	1216	1216
57882	9940133	5155284	1216	1206
57883	9940168	5155289	946	1195
57884	9940168	5155289	946	1202
57885	9940197	5155294	933	1188
57886	9940197	5155294	933	1185
57887	9940228	5155299	1061	1246
57888	9940228	5155299	1061	1318
57889	9940228	5155299	1061	1404
57890	9940273	5155304	1414	1404
57891	9940329	5155311	1481	1082
57892	9940360	5155314	1513	1278
57893	9940396	5155317	1726	1392
57894	9940396	5155317	1726	1585
57895	9940456	5155325	1503	1610
57896	9940492	5155329	1533	1609
57897	9940523	5155332	1572	1653
57898	9940552	5155336	1518	1625
57899	9940552	5155336	1518	1598
57900	9940608	5155344	1513	1569
57901	9940634	5155348	1507	1593
57902	9940660	5155351	1477	1637
57903	9940686	5155354	1464	1679
57904	9940686	5155354	1464	1691
57905	9940750	5155362	1539	1689
57906	9940780	5155365	1481	1682
57907	9940808	5155369	1511	1723
57908	9940835	5155372	1616	1736
57909	9940835	5155372	1616	1776
57910	9940888	5155380	1572	1798
57911	9940911	5155383	1485	1850
57912	9940935	5155388	1677	1852
57913	9940960	5155392	1877	1855
57914	9940960	5155392	1877	1832
57915	9941015	5155401	1651	1795
57916	9941040	5155404	1651	1753
57917	9941073	5155408	1772	1731
57918	9941102	5155412	1631	1726
57919	9941102	5155412	1631	1732
57920	9941156	5155420	1537	1738
57921	9941185	5155423	1674	1744
57922	9941185	5155423	1674	1728
57923	9941245	5155431	1631	1711
57924	9941245	5155431	1631	1701
57925	9941277	5155435	1496	1695
57926	9941307	5155439	1603	1463
57927	9941365	5155446	1548	1616
57928	9941392	5155449	1544	1662
57929	9941392	5155449	1544	1676
57930	9941443	5155456	1514	1711
57931	9941466	5155460	1470	1730
57932	9941488	5155464	1618	1747
57933	9941513	5155467	1566	1516
57934	9941513	5155467	1566	1662
57935	9941565	5155475	1405	1698
57936	9941595	5155479	1514	1696
57937	9941624	5155482	1518	1696
57938	9941624	5155482	1518	1694
57939	9941650	5155486	1587	1697
57940	9941698	5155494	1607	1508
57941	9941698	5155494	1607	1681
57942	9941725	5155498	1605	1731
57943	9941787	5155506	1542	1721
57944	9941787	5155506	1542	1689
57945	9941838	5155514	1518	1656
57946	9941862	5155517	1413	1651
57947	9941894	5155521	1546	1665
57948	9941914	5155525	1433	1663
57949	9941914	5155525	1433	1678
57950	9941954	5155531	1403	1679
57951	9941983	5155536	1563	1656
57952	9942015	5155540	1559	1647
57953	9942041	5155543	1520	1633
57954	9942041	5155543	1520	1646
57955	9942068	5155547	1516	1667
57956	9942095	5155551	1626	1690
57957	9942125	5155556	1631	1700
57958	9942153	5155560	1677	1507
57959	9942183	5155564	1672	1682
57960	9942213	5155568	1679	1742
57961	9942213	5155568	1679	1318
57962	9942270	5155578	1750	1733
57963	9942298	5155582	1598	1785
57964	9942327	5155586	1590	1816
57965	9942360	5155589	1583	1845
57966	9942391	5155594	1648	1612
57967	9942418	5155597	1640	1778
57968	9942449	5155601	1748	1814
57969	9942476	5155605	1781	1586
57970	9942533	5155615	1751	1760
57971	9942560	5155619	1753	1818
57972	9942587	5155623	1651	1832
57973	9942618	5155627	1711	1827
57974	9942618	5155627	1711	1805
57975	9942675	5155635	1720	1783
57976	9942701	5155639	1711	1752
57977	9942730	5155643	1566	1724
57978	9942759	5155646	1559	1712
57979	9942759	5155646	1559	1709
57980	9942820	5155653	1503	1692
57981	9942848	5155657	1492	1684
57982	9942877	5155660	1548	1699
57983	9942915	5155665	1757	1756
57984	9942915	5155665	1757	1766
57985	9942985	5155672	1589	1786
57986	9943018	5155675	1524	1793
57987	9943050	5155679	1605	1814
57988	9943078	5155683	1603	1817
57989	9943078	5155683	1603	1824
57990	9943125	5155691	1694	1830
57991	9943151	5155695	1700	1835
57992	9943185	5155699	1776	1836
57993	9943212	5155703	1789	1839
57994	9943212	5155703	1789	1595
57995	9943260	5155712	1722	1735
57996	9943282	5155717	1627	1750
57997	9943307	5155721	1640	1726
57998	9943327	5155725	1650	1699
57999	9943327	5155725	1650	1444
58000	9943347	5155729	1551	1557
58002	9943395	5155736	1439	1386
58003	9943453	5155743	1463	1594
58004	9943453	5155743	1463	1670
58005	9943562	5155747	1529	1777
58006	9943624	5155748	1479	1934
58007	9943697	5155747	1696	1974
58008	9943775	5155747	1800	1968
58009	9943775	5155747	1800	1962
58010	9943929	5155745	1809	1966
58011	9944012	5155744	1892	1679
58012	9944092	5155744	1789	1805
58013	9944168	5155743	1777	1809
58014	9944168	5155743	1777	1589
58015	9944324	5155743	1785	1757
58016	9944397	5155742	1776	1808
58017	9944471	5155742	1648	1794
58018	9944547	5155742	1679	1800
58019	9944547	5155742	1679	1825
58020	9944698	5155743	1726	1836
58021	9944774	5155742	1737	1600
58022	9944847	5155742	1703	1757
58023	9944917	5155742	1668	1770
58024	9944917	5155742	1668	1767
58025	9945057	5155742	1709	1555
58026	9945057	5155742	1709	1724
58027	9945202	5155742	1661	1764
58028	9945270	5155742	1670	1666
58029	9945270	5155742	1670	1619
58030	9945398	5155741	1590	1630
58031	9945461	5155741	1622	1688
58032	9945528	5155741	1627	1554
58033	9945597	5155741	1676	1751
58034	9945597	5155741	1676	1803
58035	9945735	5155741	1692	1793
58036	9945808	5155741	1751	1782
58037	9945808	5155741	1751	1772
58038	9945880	5155741	1716	1751
58039	9945953	5155741	1726	1739
58040	9946029	5155741	1687	1733
58041	9946168	5155741	1653	1739
58042	9946168	5155741	1653	1745
58043	9946308	5155740	1651	1747
58044	9946308	5155740	1651	1756
58045	9946452	5155739	1761	1793
58046	9946524	5155738	1696	1773
58047	9946590	5155738	1592	1761
58048	9946651	5155738	1439	1740
58049	9946651	5155738	1439	1728
58050	9946787	5155737	1672	1733
58051	9946847	5155738	1413	1667
58052	9946895	5155740	1311	1649
58053	9946925	5155742	1207	1687
58054	9946925	5155742	1207	1714
58055	9946927	5155747	1187	1718
58056	9946923	5155751	1450	1669
58057	9946918	5155755	1683	1617
58058	9946920	5155759	1607	1577
58059	9946920	5155759	1607	1178
58060	9946917	5155766	1309	1463
58061	9946917	5155770	1259	1551
58062	9946917	5155773	1350	1575
58063	9946917	5155777	1418	1565
58064	9946917	5155777	1418	1163
58065	9946920	5155783	1155	1395
58066	9946930	5155786	1216	1429
58067	9946932	5155789	1096	1403
58068	9946934	5155791	974	1277
58069	9946934	5155791	974	1214
58070	9946939	5155793	453	1124
58071	9946957	5155793	525	968
58072	9946970	5155794	609	888
58073	9946977	5155796	466	899
58074	9946977	5155796	466	886
58075	9946970	5155798	31	855
58076	9946970	5155798	31	783
58077	9946965	5155800	33	783
58078	9946963	5155803	29	783
58079	9946963	5155803	29	0
58080	9946961	5155803	18	417
58081	9946957	5155804	0	417
58082	9946957	5155804	0	417
58083	9946957	5155804	0	0
58084	9946957	5155804	0	0
58085	9946957	5155804	0	0
58086	9946957	5155804	0	0
58087	9946957	5155804	0	0
58088	9946957	5155804	0	0
58089	9946957	5155804	0	0
58090	9946957	5155804	0	0
58091	9946957	5155804	0	0
58092	9946957	5155804	3	0
58093	9946957	5155804	3	0
58094	9946957	5155804	3	0
58095	9946959	5155804	0	0
58096	9946959	5155804	0	0
58097	9946959	5155804	0	0
58098	9946959	5155804	0	0
58099	9946959	5155804	0	0
58100	9946959	5155804	0	0
58101	9946959	5155804	0	0
58102	9946959	5155804	0	0
58103	9946959	5155804	0	0
58104	9946959	5155804	0	0
58105	9946959	5155804	0	0
58106	9946959	5155804	0	0
58107	9946959	5155804	0	0
58108	9946959	5155804	0	0
58109	9946959	5155804	0	0
58110	9946959	5155804	0	0
58111	9946959	5155804	0	0
58112	9946959	5155804	0	0
58113	9946959	5155804	0	0
58114	9946959	5155804	0	0
58115	9946959	5155804	0	0
58116	9946959	5155804	0	0
58117	9946959	5155804	0	0
58118	9946959	5155804	0	0
58119	9946959	5155804	0	0
58120	9946959	5155804	0	0
58121	9946959	5155804	0	0
58122	9946959	5155804	0	0
58123	9946959	5155804	0	0
58124	9946959	5155804	0	0
58125	9946957	5155804	0	0
58126	9946957	5155804	0	0
58127	9946957	5155804	12	0
58128	9946957	5155804	51	0
58129	9946957	5155804	51	0
58130	9946957	5155804	61	0
58131	9946955	5155804	59	0
58132	9946953	5155804	96	0
58133	9946948	5155804	138	0
58134	9946948	5155804	138	0
58135	9946937	5155804	0	0
58136	9946937	5155804	0	0
58137	9946937	5155804	0	0
58138	9946937	5155804	0	0
