#Zeit [s]	longitude [1e6]	Latitude [1e5]	GPSSpeed [1e2 km/h] 	Tacho [1e2 km/h] 	Temperatur [10 C] 	Druck [Pa] 	HoeheSee [10 m]
48921	9947033	5155822	11	0	395	38400	0
48922	9947033	5155822	20	0	395	38403	0
48923	9947035	5155822	18	0	395	38402	0
48924	9947035	5155822	40	0	395	38404	0
48925	9947035	5155822	37	0	395	38404	0
48926	9947037	5155822	61	0	395	38408	0
48927	9947037	5155823	79	0	394	38405	0
48928	9947037	5155823	66	0	394	38400	0
48929	9947037	5155823	62	0	394	38410	0
48930	9947037	5155823	62	0	394	38404	0
48931	9947039	5155823	79	0	394	38405	0
48932	9947039	5155823	83	0	394	38407	0
48933	9947039	5155824	83	0	394	38404	0
48934	9947039	5155824	72	0	394	38405	0
48935	9947040	5155824	96	0	394	38407	0
48936	9947039	5155824	77	0	394	38407	0
48937	9947037	5155824	48	0	394	38407	0
48938	9947039	5155824	44	0	394	38410	0
48939	9947037	5155824	38	0	394	38415	0
48940	9947035	5155824	51	0	394	38414	0
48941	9947033	5155824	51	0	394	38419	0
48942	9947033	5155825	61	0	393	38421	0
48943	9947032	5155825	75	0	393	38419	0
48944	9947030	5155825	129	0	393	38421	0
48945	9947037	5155825	124	0	393	38413	0
48946	9947039	5155825	109	0	393	38425	0
48947	9947045	5155825	81	0	393	38419	0
48948	9947055	5155825	74	0	393	38414	0
48949	9947052	5155826	72	0	393	38418	0
48950	9947055	5155826	61	185	393	38413	0
48951	9947053	5155827	85	185	393	38411	0
48952	9947050	5155827	62	185	393	38406	0
48953	9947050	5155827	64	0	393	38420	0
48954	9947050	5155827	68	0	393	38412	0
48955	9947048	5155827	72	0	393	38408	0
48956	9947046	5155827	29	140	393	38408	0
48957	9947045	5155827	90	402	393	38415	0
48958	9947045	5155827	275	402	393	38420	0
48959	9947039	5155826	431	402	393	38408	0
48960	9947037	5155825	527	0	393	38415	0
48961	9947026	5155824	761	1140	393	38412	0
48962	9947008	5155823	674	844	393	38405	0
48963	9946992	5155823	338	844	393	38413	0
48964	9946985	5155822	296	844	393	38414	0
48965	9946973	5155823	83	0	393	38410	0
48966	9946975	5155822	70	0	393	38408	0
48967	9946972	5155823	64	0	393	38410	0
48968	9946965	5155823	64	0	393	38419	0
48969	9946966	5155823	24	316	393	38420	0
48970	9946968	5155823	101	731	393	38416	0
48971	9946972	5155823	205	1223	393	38412	0
48972	9946970	5155821	681	1223	393	38417	0
48973	9946973	5155818	1088	1226	393	38407	0
48974	9946966	5155814	1431	1504	392	38417	0
48975	9946966	5155810	1498	1660	392	38410	0
48976	9946966	5155805	1596	1737	392	38415	0
48977	9946961	5155800	1696	1771	392	38417	0
48978	9946957	5155795	1701	1581	392	38410	0
48979	9946957	5155791	1629	1737	392	38414	0
48980	9946957	5155791	1629	1760	392	38432	0
48981	9946925	5155782	1787	1734	392	38445	0
48982	9946900	5155778	1829	1724	392	38433	0
48983	9946880	5155774	1835	1516	392	38445	0
48984	9946887	5155766	1848	1661	392	38445	0
48985	9946870	5155761	1814	1695	392	38440	0
48986	9946836	5155757	1748	1665	392	38432	0
48987	9946794	5155754	1557	1697	392	38442	0
48988	9946738	5155752	1592	1768	392	38426	0
48989	9946675	5155750	1598	1644	392	38441	0
48990	9946597	5155750	1970	1855	392	38435	0
48991	9946518	5155750	1844	1966	392	38442	0
48992	9946439	5155749	1961	2034	392	38445	0
48993	9946359	5155749	1953	1805	392	38453	0
48994	9946277	5155750	2003	2049	391	38452	0
48995	9946195	5155750	1959	2081	391	38463	0
48996	9946114	5155751	1989	2097	391	38463	0
48997	9946030	5155752	2053	2129	391	38463	0
48998	9945945	5155753	2044	2159	391	38461	0
48999	9945860	5155753	2113	1936	391	38457	0
49000	9945860	5155753	2113	2218	391	38460	0
49001	9945675	5155754	2059	2274	391	38456	0
49002	9945575	5155753	2129	2272	391	38480	0
49003	9945475	5155753	2272	2294	391	38479	0
49004	9945378	5155753	2285	2329	391	38468	0
49005	9945290	5155753	2155	2350	391	38476	0
49006	9945197	5155754	2164	2382	390	38486	0
49007	9945097	5155754	2389	2409	390	38479	0
49008	9944997	5155755	2387	2432	390	38480	0
49009	9944895	5155754	2389	2443	390	38490	0
49010	9944792	5155754	2489	2451	390	38479	0
49011	9944694	5155755	2370	2445	390	38487	0
49012	9944595	5155755	2437	2419	390	38489	0
49013	9944495	5155755	2437	2379	390	38486	0
49014	9944398	5155756	2253	2345	390	38471	0
49015	9944306	5155756	2211	2306	390	38478	0
49016	9944221	5155757	1985	2254	390	38481	0
49017	9944140	5155757	2090	2250	390	38496	0
49018	9944055	5155758	2098	1930	390	38492	0
49019	9943970	5155758	2181	2071	390	38488	0
49020	9943889	5155759	2118	2015	390	38495	0
49021	9943809	5155760	2040	1693	389	38495	0
49022	9943747	5155760	1840	1830	390	38495	0
49023	9943678	5155760	1839	1813	389	38504	0
49024	9943613	5155761	1663	1684	389	38489	0
49025	9943552	5155761	1522	1629	389	38491	0
49026	9943499	5155761	1326	1315	389	38508	0
49027	9943465	5155758	1188	1484	389	38502	0
49028	9943443	5155755	1331	1627	389	38507	0
49029	9943425	5155752	1594	1749	389	38503	0
49030	9943400	5155748	1694	1631	389	38508	0
49031	9943378	5155744	1726	1888	389	38510	0
49032	9943348	5155739	2000	1767	389	38503	0
49033	9943316	5155734	2116	2121	389	38503	0
49034	9943280	5155729	2240	2239	389	38504	0
49035	9943280	5155729	2240	2289	388	38510	0
49036	9943212	5155719	2131	2053	388	38528	0
49037	9943173	5155713	2092	2014	388	38511	0
49038	9943135	5155708	2183	2009	388	38523	0
49039	9943095	5155703	2185	2218	388	38524	0
49040	9943060	5155698	2196	2412	388	38518	0
49041	9943020	5155693	2164	2439	388	38508	0
49042	9942982	5155687	2064	2463	388	38537	0
49043	9942924	5155683	2126	2474	388	38518	0
49044	9942872	5155678	2179	2474	388	38541	0
49045	9942823	5155673	2177	2468	388	38539	0
49046	9942779	5155668	2242	2469	388	38526	0
49047	9942739	5155663	2248	2171	388	38539	0
49048	9942692	5155657	2263	2302	387	38537	0
49049	9942641	5155653	2087	2497	387	38529	0
49050	9942601	5155647	2294	2527	387	38540	0
49051	9942563	5155641	2326	2521	387	38508	0
49052	9942530	5155634	2361	2472	387	38539	0
49053	9942496	5155628	2420	2410	387	38553	0
49054	9942463	5155623	2507	2332	387	38539	0
49055	9942427	5155617	2385	2350	387	38549	0
49056	9942390	5155611	2290	2406	387	38567	0
49057	9942353	5155605	2279	2463	387	38533	0
49058	9942317	5155600	2316	2321	387	38533	0
49059	9942280	5155594	2346	2437	387	38567	0
49060	9942280	5155594	2346	2447	386	38549	0
49061	9942218	5155583	2389	2450	386	38562	0
49062	9942183	5155577	2392	2434	386	38557	0
49063	9942148	5155571	2496	2461	386	38551	0
49064	9942112	5155565	2309	2463	386	38569	0
49065	9942074	5155560	2324	2420	386	38545	0
49066	9942037	5155555	2365	2443	386	38550	0
49067	9941998	5155549	2600	2501	386	38555	0
49068	9941960	5155543	2548	2350	386	38545	0
49069	9941925	5155537	2481	2504	386	38545	0
49070	9941887	5155531	2392	2533	385	38564	0
49071	9941852	5155526	2224	2553	385	38567	0
49072	9941813	5155520	2296	2588	385	38567	0
49073	9941767	5155514	2340	2440	385	38549	0
49074	9941725	5155509	2353	2576	385	38576	0
49075	9941725	5155509	2353	2587	385	38568	0
49076	9941637	5155498	2442	2456	385	38578	0
49077	9941595	5155493	2437	2583	385	38565	0
49078	9941555	5155487	2390	2575	385	38591	0
49079	9941519	5155481	2389	2579	385	38587	0
49080	9941485	5155475	2400	2417	384	38582	0
49081	9941450	5155469	2413	2562	384	38576	0
49082	9941412	5155463	2652	2573	384	38596	0
49083	9941368	5155457	2659	2581	384	38582	0
49084	9941325	5155451	2600	2428	384	38628	0
49085	9941287	5155445	2453	2547	384	38620	0
49086	9941245	5155439	2450	2551	384	38601	0
49087	9941201	5155434	2281	2616	384	38599	0
49088	9941160	5155428	2357	2649	384	38605	0
49089	9941115	5155422	2418	2617	384	38606	0
49090	9941075	5155416	2416	2581	383	38617	0
49091	9941040	5155410	2459	2393	383	38625	0
49092	9941005	5155404	2402	2530	383	38623	0
49093	9940977	5155398	2405	2519	383	38621	0
49094	9940944	5155392	2394	2471	383	38633	0
49095	9940904	5155386	2353	2451	383	38636	0
49096	9940862	5155381	2383	2435	383	38646	0
49097	9940813	5155375	2374	2128	383	38638	0
49098	9940762	5155370	2313	1991	382	38646	0
49099	9940719	5155365	2322	1813	382	38654	0
49100	9940677	5155361	2042	1869	382	38663	0
49101	9940640	5155356	1835	1775	382	38664	0
49102	9940610	5155352	1753	1564	382	38658	0
49103	9940575	5155348	1748	1871	382	38679	0
49104	9940535	5155343	1883	2096	382	38681	0
49105	9940494	5155338	1889	2225	382	38688	0
49106	9940454	5155333	1994	2325	382	38676	0
49107	9940410	5155329	2135	2381	382	38660	0
49108	9940363	5155324	2257	2436	382	38677	0
49109	9940316	5155319	2303	2491	381	38680	0
49110	9940316	5155319	2303	2532	381	38682	0
49111	9940225	5155308	2324	2560	381	38682	0
49112	9940177	5155302	2416	2428	381	38664	0
49113	9940130	5155297	2342	2570	381	38686	0
49114	9940088	5155291	2509	2587	381	38677	0
49115	9940040	5155285	2570	2589	381	38705	0
49116	9939992	5155279	2524	2443	381	38689	0
49117	9939939	5155274	2605	2586	381	38704	0
49118	9939888	5155268	2596	2598	380	38685	0
49119	9939837	5155262	2379	2424	380	38718	0
49120	9939787	5155256	2383	2569	380	38677	0
49121	9939735	5155251	2479	2568	380	38707	0
49122	9939682	5155246	2370	2562	380	38691	0
49123	9939635	5155241	2357	2398	380	38710	0
49124	9939589	5155235	2370	2550	380	38718	0
49125	9939551	5155229	2376	2619	380	38737	0
49126	9939510	5155223	2503	2672	380	38715	0
49127	9939471	5155216	2627	2503	379	38729	0
49128	9939432	5155210	2526	2646	379	38720	0
49129	9939397	5155204	2537	2679	379	38742	0
49130	9939362	5155197	2846	2687	379	38732	0
49131	9939326	5155190	2729	2675	379	38730	0
49132	9939293	5155183	2726	2501	379	38724	0
49133	9939257	5155177	2490	2637	379	38733	0
49134	9939217	5155170	2485	2661	379	38740	0
49135	9939188	5155164	2474	2677	378	38732	0
49136	9939158	5155157	2531	2681	378	38761	0
49137	9939130	5155151	2411	2521	378	38758	0
49138	9939098	5155145	2424	2684	378	38758	0
49139	9939072	5155138	2365	2686	378	38746	0
49140	9939047	5155132	2492	2660	378	38752	0
49141	9939025	5155126	2433	2639	378	38781	0
49142	9939003	5155119	2383	2655	378	38757	0
49143	9938980	5155113	2479	2623	377	38767	0
49144	9938960	5155107	2422	2602	377	38760	0
49145	9938943	5155101	2387	2573	377	38761	0
49146	9938922	5155094	2426	2358	377	38765	0
49147	9938900	5155088	2507	2459	377	38765	0
49148	9938882	5155082	2411	2459	377	38781	0
49149	9938867	5155076	2252	2422	377	38787	0
49150	9938853	5155069	2331	2366	377	38791	0
49151	9938837	5155063	2250	2315	377	38792	0
49152	9938824	5155058	2176	2246	376	38800	0
49153	9938810	5155052	1961	1681	376	38795	0
49154	9938797	5155048	1564	1579	376	38808	0
49155	9938790	5155044	1303	1579	376	38811	0
49156	9938785	5155042	938	1579	376	38813	0
49157	9938762	5155040	33	0	376	38814	0
49158	9938751	5155040	1	0	376	38814	0
49159	9938745	5155040	1	0	376	38808	0
49160	9938742	5155040	3	0	376	38812	0
49161	9938742	5155040	1	0	376	38817	0
49162	9938740	5155040	0	0	376	38816	0
49163	9938740	5155040	0	753	375	38810	0
49164	9938740	5155040	0	800	375	38816	0
49165	9938740	5155040	0	960	375	38814	0
49166	9938739	5155039	40	1136	375	38803	0
49167	9938733	5155037	1113	1303	375	38823	0
49168	9938725	5155033	1403	1709	375	38828	0
49169	9938720	5155029	1537	1632	375	38826	0
49170	9938718	5155024	1751	1876	375	38820	0
49171	9938715	5155020	1692	1851	375	38825	0
49172	9938715	5155016	1748	1840	375	38826	0
49173	9938718	5155011	1905	1850	375	38823	0
49174	9938726	5155006	1792	1951	375	38831	0
49175	9938739	5155001	1803	1999	375	38835	0
49176	9938745	5154995	2003	2050	374	38828	0
49177	9938750	5154989	2016	2060	374	38828	0
49178	9938758	5154983	1972	1834	374	38833	0
49179	9938771	5154978	1870	2126	374	38833	0
49180	9938787	5154974	1794	2234	374	38833	0
49181	9938800	5154969	1922	2288	374	38827	0
49182	9938810	5154963	2076	2302	374	38833	0
49183	9938820	5154957	2172	2310	374	38846	0
49184	9938833	5154951	2248	2022	374	38844	0
49185	9938845	5154946	2176	1949	374	38836	0
49186	9938857	5154940	2166	2289	374	38833	0
49187	9938871	5154934	2157	2353	373	38837	0
49188	9938889	5154928	2114	2351	373	38855	0
49189	9938902	5154923	2187	2410	373	38846	0
49190	9938916	5154917	2277	2426	373	38849	0
49191	9938931	5154911	2289	2144	373	38856	0
49192	9938938	5154904	2461	2065	373	38843	0
49193	9938942	5154898	2298	2232	373	38840	0
49194	9938951	5154892	2087	2407	373	38858	0
49195	9938960	5154886	2168	2440	373	38853	0
49196	9938962	5154880	2027	2439	372	38861	0
49197	9938972	5154874	2144	2428	372	38855	0
49198	9938970	5154868	2087	2423	372	38851	0
49199	9938976	5154863	2090	2388	372	38860	0
49200	9938982	5154857	2144	2386	372	38857	0
49201	9938987	5154851	2150	2381	372	38862	0
49202	9938992	5154845	2220	2333	372	38850	0
49203	9938996	5154839	2116	2297	372	38846	0
49204	9939000	5154834	1970	2258	372	38862	0
49205	9939005	5154828	2046	2211	372	38868	0
49206	9939012	5154823	2102	1903	371	38861	0
49207	9939020	5154818	2009	2070	371	38874	0
49208	9939035	5154813	1898	2063	371	38874	0
49209	9939054	5154808	1939	1754	371	38874	0
49210	9939074	5154802	1933	1862	371	38882	0
49211	9939094	5154798	1726	1863	371	38883	0
49212	9939116	5154795	1489	1268	371	38877	0
49213	9939135	5154793	1129	1230	371	38881	0
49214	9939134	5154789	966	1219	371	38883	0
49215	9939138	5154786	926	1408	371	38882	0
49216	9939148	5154781	1490	1625	371	38882	0
49217	9939154	5154777	1490	1780	371	38888	0
49218	9939161	5154772	1714	1925	371	38886	0
49219	9939168	5154767	1744	1978	371	38889	0
49220	9939180	5154762	1777	2043	370	38891	0
49221	9939198	5154757	1889	2083	370	38894	0
49222	9939223	5154751	1977	2114	370	38887	0
49223	9939245	5154746	1983	2098	370	38886	0
49224	9939268	5154741	2172	2092	370	38894	0
49225	9939290	5154736	2170	2114	370	38891	0
49226	9939312	5154730	2094	2094	370	38898	0
49227	9939333	5154725	2016	1811	370	38900	0
49228	9939353	5154720	2013	2057	370	38894	0
49229	9939366	5154716	1826	2099	370	38894	0
49230	9939377	5154712	1772	1871	370	38917	0
49231	9939388	5154707	1837	2089	370	38904	0
49232	9939408	5154703	1887	2147	370	38903	0
49233	9939432	5154696	2063	2160	369	38887	0
49234	9939451	5154691	2074	2211	369	38892	0
49235	9939464	5154688	1903	2247	369	38905	0
49236	9939475	5154683	1840	2251	369	38901	0
49237	9939498	5154678	1976	2222	369	38907	0
49238	9939515	5154674	1903	1921	369	38918	0
49239	9939538	5154669	2000	2149	369	38920	0
49240	9939571	5154662	2281	2177	369	38919	0
49241	9939587	5154658	2166	2222	369	38911	0
49242	9939607	5154653	2096	2221	369	38913	0
49243	9939625	5154648	1944	1894	368	38908	0
49244	9939649	5154642	1974	2051	368	38914	0
49245	9939683	5154635	2092	2034	368	38935	0
49246	9939710	5154629	2194	2014	368	38921	0
49247	9939725	5154624	2107	2050	368	38924	0
49248	9939745	5154618	2026	1860	368	38930	0
49249	9939760	5154612	2031	2164	368	38932	0
49250	9939772	5154608	2079	2174	368	38925	0
49251	9939792	5154602	2089	2208	368	38932	0
49252	9939828	5154595	2207	1951	368	38921	0
49253	9939855	5154590	2098	2221	368	38932	0
49254	9939880	5154585	2416	2269	368	38933	0
49255	9939900	5154579	2263	2303	367	38942	0
49256	9939921	5154573	2224	2289	367	38943	0
49257	9939940	5154565	2446	2280	367	38930	0
49258	9939959	5154561	2214	2292	367	38949	0
49259	9939981	5154555	2144	1957	367	38943	0
49260	9940013	5154550	2176	2100	367	38949	0
49261	9940043	5154545	2055	1985	367	38942	0
49262	9940085	5154540	1979	1646	367	38955	0
49263	9940110	5154537	1831	1808	367	38948	0
49264	9940135	5154531	1753	1896	367	38950	0
49265	9940158	5154527	1829	1721	367	38929	0
49266	9940180	5154522	1829	1929	367	38941	0
49267	9940200	5154518	1827	1696	366	38948	0
49268	9940218	5154514	1889	1834	366	38949	0
49269	9940242	5154512	1770	1837	366	38956	0
49270	9940265	5154508	1768	1767	366	38965	0
49271	9940285	5154504	1629	1256	366	38963	0
49272	9940305	5154501	1455	1229	366	38969	0
49273	9940325	5154498	1157	1133	366	38960	0
49274	9940340	5154497	814	952	366	38964	0
49275	9940353	5154495	657	762	366	38967	0
49276	9940358	5154494	585	762	366	38970	0
49277	9940365	5154492	485	642	366	38969	0
49278	9940370	5154491	483	592	366	38967	0
49279	9940375	5154490	433	592	366	38970	0
49280	9940378	5154489	390	592	366	38970	0
49281	9940376	5154488	288	0	366	38975	0
49282	9940375	5154487	170	0	366	38973	0
49283	9940372	5154487	31	0	366	38973	0
49284	9940369	5154487	114	0	366	38977	0
49285	9940370	5154488	88	0	365	38976	0
49286	9940370	5154488	0	0	365	38978	0
49287	9940370	5154488	0	0	365	38981	0
49288	9940370	5154488	0	0	365	38980	0
49289	9940370	5154488	0	0	365	38975	0
49290	9940370	5154488	0	0	365	38982	0
49291	9940370	5154488	0	0	365	38985	0
49292	9940372	5154488	0	0	365	38985	0
49293	9940372	5154488	0	0	365	38985	0
49294	9940372	5154488	0	0	365	38993	0
49295	9940372	5154488	0	0	365	38990	0
49296	9940372	5154488	0	0	365	38991	0
49297	9940372	5154488	0	0	365	38987	0
49298	9940369	5154489	0	0	365	38990	0
49299	9940369	5154489	0	0	365	38990	0
49300	9940365	5154490	133	0	365	38988	0
49301	9940365	5154490	185	0	365	38995	0
49302	9940362	5154490	188	0	365	38995	0
49303	9940360	5154490	90	0	364	38989	0
49304	9940356	5154490	103	0	364	38987	0
49305	9940347	5154490	109	0	364	38995	0
49306	9940342	5154489	288	740	364	38994	0
49307	9940335	5154487	485	802	364	38998	0
49308	9940331	5154485	787	896	364	38990	0
49309	9940347	5154480	892	665	364	38991	0
49310	9940360	5154476	985	819	364	39003	0
49311	9940372	5154473	992	933	364	38994	0
49312	9940387	5154469	1170	1127	364	38994	0
49313	9940402	5154466	1177	1201	364	39000	0
49314	9940410	5154463	1037	1311	364	39001	0
49315	9940412	5154460	1148	1291	364	39005	0
49316	9940412	5154456	1364	1300	364	38999	0
49317	9940413	5154452	1309	1380	364	38995	0
49318	9940422	5154449	1168	1424	364	38996	0
49319	9940435	5154445	1346	1084	364	38994	0
49320	9940445	5154442	1414	1249	364	39001	0
49321	9940456	5154438	1490	1491	364	39001	0
49322	9940470	5154434	1681	1622	364	39004	0
49323	9940483	5154430	1677	1653	363	39003	0
49324	9940501	5154426	1590	1643	363	38988	0
49325	9940512	5154423	1390	1653	363	39000	0
49326	9940518	5154419	1424	1634	363	38982	0
49327	9940527	5154416	1272	1375	363	38995	0
49328	9940534	5154414	1157	1528	363	38995	0
49329	9940535	5154411	1101	1617	363	38991	0
49330	9940547	5154407	1353	1779	363	38998	0
49331	9940558	5154403	1411	1706	363	38995	0
49332	9940567	5154399	1627	2122	363	38994	0
49333	9940577	5154393	1787	2299	363	38987	0
49334	9940594	5154388	1800	2343	363	38981	0
49335	9940610	5154383	1952	2341	363	38989	0
49336	9940628	5154378	2002	2324	363	38999	0
49337	9940647	5154373	1909	2305	362	38993	0
49338	9940663	5154368	1842	1968	362	38983	0
49339	9940681	5154364	1674	2165	362	38990	0
49340	9940699	5154360	1744	2089	362	39000	0
49341	9940722	5154354	1757	2046	362	38995	0
49342	9940759	5154348	1839	2027	362	38993	0
49343	9940793	5154343	1911	1982	362	38999	0
49344	9940825	5154338	1903	1913	362	39005	0
49345	9940851	5154333	1955	1882	362	38995	0
49346	9940871	5154329	1842	1861	362	38982	0
49347	9940888	5154324	1716	1869	362	38983	0
49348	9940902	5154320	1789	1836	362	38998	0
49349	9940907	5154316	1607	1810	362	38990	0
49350	9940920	5154312	1481	1813	361	38985	0
49351	9940920	5154308	1527	1616	361	38993	0
49352	9940933	5154304	1535	1804	361	38995	0
49353	9940957	5154299	1661	1853	361	38989	0
49354	9940969	5154294	1696	1650	361	38998	0
49355	9940985	5154290	1694	1869	361	38990	0
49356	9941005	5154284	1731	1883	361	38986	0
49357	9941025	5154280	1724	1902	361	38991	0
49358	9941031	5154276	1589	1977	361	38998	0
49359	9941043	5154271	1618	1982	361	38995	0
49360	9941051	5154267	1626	1937	361	38987	0
49361	9941072	5154262	1981	1908	361	38983	0
49362	9941089	5154257	1898	1918	361	38988	0
49363	9941115	5154250	2048	1700	361	38991	0
49364	9941143	5154244	2046	1883	361	38999	0
49365	9941165	5154239	2044	1870	361	38998	0
49366	9941187	5154235	1761	1871	360	38993	0
49367	9941205	5154232	1542	1875	360	38980	0
49368	9941216	5154230	1183	1890	360	38988	0
49369	9941214	5154227	1081	1878	360	38998	0
49370	9941228	5154223	1179	1864	360	38999	0
49371	9941258	5154219	1383	1616	360	38978	0
49372	9941280	5154215	1207	1780	360	38975	0
49373	9941287	5154212	1255	1809	360	38995	0
49374	9941305	5154207	1446	1813	360	39000	0
49375	9941321	5154202	1539	1818	360	38994	0
49376	9941339	5154198	1551	1822	360	38996	0
49377	9941361	5154193	1783	1961	360	39004	0
49378	9941386	5154187	2202	2033	360	39001	0
49379	9941403	5154182	2153	2101	360	39002	0
49380	9941425	5154176	2155	2108	360	38995	0
49381	9941445	5154171	2013	2024	360	39002	0
49382	9941465	5154166	1970	2003	359	39004	0
49383	9941483	5154160	1920	2030	359	39005	0
49384	9941504	5154154	1968	2065	359	38999	0
49385	9941519	5154151	1570	2023	359	39005	0
49386	9941533	5154147	1555	1906	359	39005	0
49387	9941553	5154143	1550	1926	359	39008	0
49388	9941579	5154138	1579	1980	359	38995	0
49389	9941602	5154133	1694	1984	359	38992	0
49390	9941624	5154129	1705	2035	359	38995	0
49391	9941645	5154124	1820	2071	359	39001	0
49392	9941665	5154119	1776	2122	359	39007	0
49393	9941685	5154114	1890	2192	359	39011	0
49394	9941698	5154109	1898	2199	359	39007	0
49395	9941715	5154105	1894	2191	358	39012	0
49396	9941733	5154101	1716	2142	358	39006	0
49397	9941756	5154099	1522	2113	358	39010	0
49398	9941778	5154097	1479	2124	358	39021	0
49399	9941802	5154094	1483	1852	358	39017	0
49400	9941815	5154091	1577	2032	358	39016	0
49401	9941818	5154087	1666	2025	358	39029	0
49402	9941822	5154083	1570	2078	358	39029	0
49403	9941838	5154078	1535	2077	358	39031	0
49404	9941883	5154071	1405	1815	358	39026	0
49405	9941916	5154065	1572	1943	358	39029	0
49406	9941965	5154056	1818	1709	358	39032	0
49407	9941987	5154051	1855	1859	358	39026	0
49408	9942000	5154046	1896	1648	358	39025	0
49409	9942019	5154041	1805	1765	358	39027	0
49410	9942035	5154038	1614	1753	357	39028	0
49411	9942053	5154034	1585	1727	357	39018	0
49412	9942072	5154030	1622	1510	357	39021	0
49413	9942086	5154026	1357	1626	357	39028	0
49414	9942100	5154023	1309	1585	357	39013	0
49415	9942120	5154019	1146	1585	357	39014	0
49416	9942137	5154016	1148	1038	357	39017	0
49417	9942153	5154011	1142	1262	357	39021	0
49418	9942163	5154007	1179	1258	357	39016	0
49419	9942173	5154004	1090	914	357	39017	0
49420	9942188	5154000	1059	949	357	39015	0
49421	9942195	5153997	1066	904	357	39019	0
49422	9942205	5153995	924	828	357	39020	0
49423	9942213	5153993	768	712	357	39023	0
49424	9942215	5153991	551	712	357	39017	0
49425	9942222	5153988	407	576	357	39019	0
49426	9942228	5153987	370	576	357	39021	0
49427	9942222	5153986	11	576	357	39027	0
49428	9942218	5153985	11	0	357	39027	0
49429	9942217	5153985	3	0	357	39032	0
49430	9942215	5153985	7	0	357	39026	0
49431	9942218	5153985	3	0	357	39027	0
49432	9942218	5153985	25	0	357	39020	0
49433	9942224	5153984	46	275	357	39029	0
49434	9942226	5153982	57	777	356	39020	0
49435	9942235	5153980	729	898	356	39026	0
49436	9942245	5153978	1096	982	356	39019	0
49437	9942266	5153974	1290	1175	356	39016	0
49438	9942282	5153970	1205	1343	356	39019	0
49439	9942300	5153967	1218	1458	356	39012	0
49440	9942318	5153963	1276	1457	356	39025	0
49441	9942335	5153959	1331	1110	356	39016	0
49442	9942338	5153955	1153	1466	356	39023	0
49443	9942337	5153952	896	1118	356	39020	0
49444	9942335	5153948	1020	1493	356	39026	0
49445	9942337	5153944	1276	1651	356	39016	0
49446	9942350	5153938	1507	1469	356	39029	0
49447	9942355	5153934	1427	1712	356	39027	0
49448	9942357	5153930	1490	1730	356	39015	0
49449	9942357	5153925	1526	1732	356	39023	0
49450	9942360	5153921	1526	1737	356	39019	0
49451	9942364	5153917	1524	1495	356	39023	0
49452	9942380	5153912	1553	1608	356	39032	0
49453	9942385	5153908	1559	1640	355	39029	0
49454	9942387	5153905	1479	1631	355	39035	0
49455	9942389	5153900	1485	1662	355	39035	0
49456	9942387	5153896	1435	1745	355	39029	0
49457	9942389	5153893	1374	1759	355	39029	0
49458	9942400	5153889	1407	1850	355	39031	0
49459	9942410	5153884	1594	1860	355	39028	0
49460	9942418	5153880	1509	1841	355	39032	0
49461	9942424	5153876	1342	1782	355	39035	0
49462	9942433	5153871	1461	1728	355	39037	0
49463	9942431	5153866	1529	1697	355	39038	0
49464	9942433	5153862	1564	1693	355	39032	0
49465	9942440	5153857	1627	1748	355	39032	0
49466	9942440	5153853	1664	1700	355	39032	0
49467	9942456	5153846	1737	1636	355	39026	0
49468	9942467	5153841	1977	1625	355	39039	0
49469	9942473	5153835	1911	1621	355	39021	0
49470	9942482	5153830	1648	1699	355	39031	0
49471	9942485	5153826	1479	1681	355	39046	0
49472	9942489	5153823	1326	1682	354	39038	0
49473	9942493	5153819	1316	1674	354	39041	0
49474	9942505	5153814	1324	1650	354	39046	0
49475	9942515	5153809	1507	1645	354	39045	0
49476	9942522	5153805	1492	1638	354	39043	0
49477	9942527	5153801	1448	1644	354	39038	0
49478	9942530	5153797	1555	1667	354	39046	0
49479	9942532	5153792	1461	1657	354	39045	0
49480	9942530	5153787	1548	1631	354	39045	0
49481	9942525	5153784	1511	1627	354	39038	0
49482	9942518	5153780	1440	1588	354	39041	0
49483	9942515	5153776	1527	1553	354	39051	0
49484	9942507	5153772	1481	1568	354	39046	0
49485	9942490	5153769	1494	1600	354	39039	0
49486	9942467	5153765	1507	1635	354	39049	0
49487	9942445	5153761	1589	1665	354	39049	0
49488	9942417	5153758	1590	1536	354	39045	0
49489	9942382	5153754	1594	1736	354	39052	0
49490	9942350	5153750	1764	1787	353	39043	0
49491	9942320	5153745	1751	1831	353	39050	0
49492	9942291	5153741	1672	1855	353	39050	0
49493	9942260	5153736	1785	1887	353	39062	0
49494	9942230	5153732	2083	1918	353	39057	0
49495	9942202	5153726	2094	1896	353	39055	0
49496	9942165	5153723	1696	1899	353	39063	0
49497	9942125	5153719	1737	1687	353	39071	0
49498	9942086	5153715	1887	1898	353	39070	0
49499	9942043	5153710	1955	1702	353	39057	0
49500	9942005	5153706	1890	1896	353	39050	0
49501	9941972	5153702	1759	1736	353	39046	0
49502	9941945	5153699	1466	1990	353	39055	0
49503	9941935	5153694	1739	1828	353	39063	0
49504	9941930	5153690	1844	2111	353	39058	0
49505	9941920	5153684	1989	2186	353	39062	0
49506	9941914	5153679	2159	2273	353	39079	0
49507	9941910	5153673	2229	2284	353	39077	0
49508	9941907	5153668	2200	1975	352	39079	0
49509	9941903	5153662	2202	2169	352	39087	0
49510	9941898	5153657	2200	2155	352	39090	0
49511	9941892	5153652	2081	2103	352	39090	0
49512	9941874	5153645	2094	2040	352	39091	0
49513	9941862	5153641	2026	2136	352	39098	0
49514	9941854	5153636	2164	2194	352	39098	0
49515	9941849	5153630	2024	1946	352	39089	0
49516	9941850	5153625	2026	2178	352	39087	0
49517	9941850	5153620	2037	2197	352	39083	0
49518	9941852	5153614	2148	2177	352	39082	0
49519	9941856	5153609	2013	1908	352	39078	0
49520	9941855	5153604	1981	2170	352	39090	0
49521	9941852	5153599	2057	2204	352	39090	0
49522	9941855	5153593	2207	2213	352	39083	0
49523	9941862	5153587	2137	2219	352	39081	0
49524	9941883	5153584	1864	1937	352	39088	0
49525	9941900	5153579	1805	2184	351	39082	0
49526	9941915	5153573	1939	2215	351	39081	0
49527	9941927	5153568	1844	2190	351	39088	0
49528	9941938	5153563	2003	2198	351	39086	0
49529	9941947	5153558	1964	2148	351	39079	0
49530	9941948	5153552	1920	2014	351	39080	0
49531	9941954	5153548	1814	1923	351	39073	0
49532	9941954	5153544	1644	1800	351	39070	0
49533	9941957	5153539	1635	1667	351	39071	0
49534	9941957	5153536	1533	1579	351	39075	0
49535	9941960	5153531	1483	1579	351	39074	0
49536	9941955	5153527	1450	1239	351	39073	0
49537	9941957	5153523	1350	1313	351	39064	0
49538	9941958	5153520	1264	993	351	39062	0
49539	9941957	5153517	1279	1204	351	39069	0
49540	9941955	5153513	1279	1222	351	39070	0
49541	9941948	5153510	1359	1219	351	39077	0
49542	9941941	5153507	1151	1211	351	39069	0
49543	9941941	5153504	1157	1195	351	39068	0
49544	9941948	5153501	1272	1174	351	39067	0
49545	9941960	5153500	1020	1128	350	39066	0
49546	9941974	5153498	1087	1101	350	39067	0
49547	9941981	5153494	996	1051	350	39064	0
49548	9941994	5153492	996	1036	350	39073	0
49549	9942003	5153489	800	1006	350	39067	0
49550	9942012	5153487	770	904	350	39073	0
49551	9942010	5153485	713	821	350	39064	0
49552	9942007	5153483	601	777	350	39071	0
49553	9942008	5153482	720	775	350	39070	0
49554	9942003	5153479	927	668	350	39070	0
49555	9942000	5153476	866	885	350	39067	0
49556	9941998	5153473	898	1157	350	39067	0
49557	9941995	5153471	987	1334	350	39076	0
49558	9941997	5153468	1035	1374	350	39057	0
49559	9942003	5153464	1174	1051	350	39062	0
49560	9942015	5153461	1185	1342	350	39066	0
49561	9942032	5153457	1276	1413	350	39057	0
49562	9942045	5153453	1470	1449	350	39068	0
49563	9942052	5153449	1420	1476	350	39060	0
49564	9942057	5153445	1407	1476	350	39066	0
49565	9942057	5153440	1474	1313	350	39062	0
49566	9942053	5153436	1472	1579	350	39066	0
49567	9942057	5153431	1563	1672	350	39061	0
49568	9942065	5153427	1661	1704	350	39064	0
49569	9942068	5153423	1846	1715	350	39064	0
49570	9942068	5153418	1855	1730	350	39064	0
49571	9942072	5153414	1742	1709	350	39068	0
49572	9942075	5153409	1653	1494	350	39057	0
49573	9942077	5153406	1661	1663	350	39064	0
49574	9942081	5153401	1651	1682	349	39079	0
49575	9942083	5153397	1361	1702	349	39071	0
49576	9942080	5153394	1263	1746	349	39065	0
49577	9942061	5153390	1396	1800	349	39061	0
49578	9942034	5153387	1472	1641	349	39066	0
49579	9941994	5153383	1792	1899	349	39069	0
49580	9941943	5153379	1920	1756	349	39077	0
49581	9941890	5153375	1992	2059	349	39073	0
49582	9941829	5153372	2022	2106	349	39078	0
49583	9941762	5153369	2072	2174	349	39067	0
49584	9941691	5153366	2079	2209	349	39078	0
49585	9941622	5153363	2079	2224	349	39086	0
49586	9941548	5153360	2333	2220	349	39081	0
49587	9941480	5153356	2289	1950	349	39082	0
49588	9941405	5153351	2166	2219	348	39091	0
49589	9941330	5153349	2016	2187	349	39092	0
49590	9941261	5153347	1846	2090	348	39105	0
49591	9941192	5153345	1737	1702	348	39106	0
49592	9941118	5153343	1768	1749	348	39115	0
49593	9941058	5153341	1490	1507	348	39123	0
49594	9941013	5153340	1114	1331	348	39128	0
49595	9940977	5153338	964	1133	348	39132	0
49596	9940945	5153337	825	911	348	39129	0
49597	9940931	5153334	811	774	348	39133	0
49598	9940924	5153331	759	774	348	39141	0
49599	9940920	5153329	672	687	348	39140	0
49600	9940913	5153327	781	687	348	39145	0
49601	9940910	5153325	687	687	348	39144	0
49602	9940920	5153323	35	0	348	39141	0
49603	9940928	5153322	27	0	348	39140	0
49604	9940935	5153322	20	0	348	39144	0
49605	9940942	5153321	18	0	348	39144	0
49606	9940944	5153320	24	0	348	39140	0
49607	9940947	5153320	0	0	348	39143	0
49608	9940947	5153320	0	0	348	39142	0
49609	9940947	5153320	0	218	348	39149	0
49610	9940947	5153320	0	528	348	39145	0
49611	9940931	5153319	661	838	348	39144	0
49612	9940920	5153319	579	1233	348	39139	0
49613	9940913	5153317	644	1524	348	39135	0
49614	9940913	5153315	838	1715	348	39133	0
49615	9940910	5153312	996	1936	348	39145	0
49616	9940875	5153309	1448	2016	347	39148	0
49617	9940839	5153306	1546	2217	347	39141	0
49618	9940804	5153303	1705	2377	347	39150	0
49619	9940765	5153299	1735	2442	347	39150	0
49620	9940705	5153295	1976	2435	347	39136	0
49621	9940639	5153291	2181	2121	347	39137	0
49622	9940570	5153287	2166	2057	347	39165	0
49623	9940467	5153285	2135	2057	347	39150	0
49624	9940395	5153281	2233	2295	347	39169	0
49625	9940322	5153277	2290	2514	347	39171	0
49626	9940248	5153273	2426	2575	347	39163	0
49627	9940171	5153269	2498	2603	347	39177	0
49628	9940092	5153265	2489	2475	347	39183	0
49629	9940019	5153260	2374	2635	347	39181	0
49630	9939947	5153256	2329	2640	347	39188	0
49631	9939865	5153252	2331	2453	347	39182	0
49632	9939796	5153248	2326	2566	346	39187	0
49633	9939729	5153243	2296	2558	346	39195	0
49634	9939669	5153238	2176	2234	346	39200	0
49635	9939564	5153233	2183	2337	346	39207	0
49636	9939466	5153228	2350	2499	346	39208	0
49637	9939375	5153225	2411	2507	346	39196	0
49638	9939279	5153221	2572	2521	346	39203	0
49639	9939185	5153217	2750	2535	346	39192	0
49640	9939094	5153213	2522	2407	346	39207	0
49641	9938996	5153210	2337	2566	346	39210	0
49642	9938909	5153207	2289	2567	346	39211	0
49643	9938824	5153205	2216	2544	346	39211	0
49644	9938728	5153203	2289	2348	346	39219	0
49645	9938637	5153200	2302	2460	346	39220	0
49646	9938545	5153198	2303	2450	346	39230	0
49647	9938454	5153195	2298	2314	346	39228	0
49648	9938367	5153193	2035	2056	346	39242	0
49649	9938296	5153191	1764	1871	345	39225	0
49650	9938229	5153190	1703	1592	345	39239	0
49651	9938170	5153187	1627	1731	345	39236	0
49652	9938107	5153185	1774	1758	345	39240	0
49653	9938044	5153183	1629	1758	345	39240	0
49654	9937982	5153181	1590	1739	345	39249	0
49655	9937912	5153180	1596	1739	345	39250	0
49656	9937835	5153177	1396	1739	345	39249	0
49657	9937781	5153175	1024	1215	345	39256	0
49658	9937758	5153172	981	1337	345	39245	0
49659	9937754	5153170	1087	1486	345	39254	0
49660	9937754	5153168	990	1659	345	39241	0
49661	9937765	5153165	1070	1789	345	39250	0
49662	9937780	5153161	1474	1920	345	39252	0
49663	9937792	5153157	1540	1953	345	39250	0
49664	9937810	5153153	1679	1999	345	39244	0
49665	9937841	5153149	1909	2022	345	39228	0
49666	9937861	5153145	1987	2039	345	39231	0
49667	9937880	5153141	1855	2034	345	39232	0
49668	9937893	5153138	1713	1786	345	39232	0
49669	9937912	5153134	1639	2026	345	39228	0
49670	9937930	5153130	1627	2078	345	39240	0
49671	9937950	5153127	1459	2132	345	39236	0
49672	9937966	5153125	1413	2138	345	39238	0
49673	9937985	5153121	1463	2148	345	39239	0
49674	9938012	5153118	1531	2115	345	39235	0
49675	9938060	5153113	1594	2124	345	39236	0
49676	9938091	5153109	1583	2122	345	39241	0
49677	9938124	5153105	1596	2141	344	39238	0
49678	9938142	5153101	1546	2159	344	39248	0
49679	9938165	5153097	1674	2169	344	39243	0
49680	9938189	5153093	1737	1871	344	39250	0
49681	9938216	5153089	1746	1795	344	39240	0
49682	9938256	5153085	1677	2012	344	39244	0
49683	9938310	5153081	1622	1728	344	39250	0
49684	9938343	5153077	1609	1844	344	39246	0
49685	9938365	5153073	1453	1766	344	39243	0
49686	9938381	5153069	1453	1673	344	39246	0
49687	9938400	5153065	1451	1593	344	39252	0
49688	9938434	5153059	1396	1321	344	39241	0
49689	9938441	5153055	1276	1442	344	39245	0
49690	9938475	5153047	1179	1486	344	39245	0
49691	9938452	5153045	1272	1648	344	39253	0
49692	9938403	5153043	1557	1836	344	39253	0
49693	9938338	5153042	1770	1777	344	39256	0
49694	9938258	5153043	2018	2155	344	39250	0
49695	9938177	5153043	2052	2251	344	39257	0
49696	9938082	5153043	2100	2299	344	39249	0
49697	9937988	5153044	2153	2311	344	39252	0
49698	9937893	5153045	2200	2297	344	39256	0
49699	9937801	5153046	2161	2053	344	39262	0
49700	9937714	5153046	2070	2012	343	39257	0
49701	9937623	5153045	2068	2011	343	39253	0
49702	9937533	5153045	2064	2205	343	39267	0
49703	9937440	5153044	2118	2414	343	39257	0
49704	9937344	5153044	2207	2474	343	39267	0
49705	9937248	5153043	2257	2511	343	39269	0
49706	9937150	5153044	2326	2527	343	39270	0
49707	9937052	5153044	2320	2532	343	39264	0
49708	9936955	5153045	2318	2207	343	39273	0
49709	9936855	5153045	2322	2315	343	39280	0
49710	9936758	5153045	2326	2438	343	39271	0
49711	9936665	5153045	2315	2417	343	39278	0
49712	9936565	5153044	2494	2384	343	39286	0
49713	9936470	5153044	2437	2359	343	39288	0
49714	9936378	5153044	2289	2347	343	39288	0
49715	9936283	5153042	2289	2354	343	39285	0
49716	9936192	5153039	2129	2379	343	39291	0
49717	9936103	5153038	2131	2393	343	39290	0
49718	9936004	5153034	2096	2399	343	39288	0
49719	9935890	5153030	2137	2386	343	39287	0
49720	9935800	5153027	2003	2406	343	39293	0
49721	9935712	5153024	2003	2381	342	39301	0
49722	9935595	5153020	2139	2326	342	39298	0
49723	9935503	5153018	2131	2270	342	39293	0
49724	9935411	5153015	2131	2225	342	39300	0
49725	9935333	5153012	2074	1878	342	39298	0
49726	9935258	5153010	1926	2003	342	39301	0
49727	9935197	5153006	1848	1967	342	39302	0
49728	9935132	5153004	1761	1925	342	39307	0
49729	9935060	5153002	1655	1619	342	39299	0
49730	9934990	5153002	1842	1719	342	39302	0
49731	9934918	5153000	1885	1608	342	39312	0
49732	9934852	5153000	1529	1467	342	39319	0
49733	9934793	5152999	1288	1056	342	39313	0
49734	9934742	5152998	1027	1282	342	39307	0
49735	9934716	5152997	800	1326	342	39306	0
49736	9934707	5152994	942	1353	342	39302	0
49737	9934705	5152991	988	1682	342	39299	0
49738	9934740	5152986	1187	1893	342	39308	0
49739	9934773	5152982	1250	1807	342	39317	0
49740	9934802	5152977	1450	2219	342	39308	0
49741	9934800	5152971	1750	2367	342	39314	0
49742	9934789	5152966	1889	2407	342	39307	0
49743	9934782	5152960	2037	2407	342	39317	0
49744	9934800	5152954	2153	2411	342	39324	0
49745	9934825	5152948	2155	2342	341	39325	0
49746	9934849	5152941	2003	2067	341	39332	0
49747	9934854	5152934	2003	1680	341	39335	0
49748	9934854	5152928	1811	1389	341	39336	0
49749	9934862	5152923	1135	1389	341	39336	0
49750	9934856	5152922	511	1389	341	39331	0
49751	9934855	5152921	20	0	341	39337	0
49752	9934856	5152921	11	0	341	39335	0
49753	9934858	5152921	12	0	341	39336	0
49754	9934862	5152921	14	0	341	39332	0
49755	9934867	5152921	18	0	341	39335	0
49756	9934874	5152922	24	0	341	39339	0
49757	9934881	5152922	24	0	341	39332	0
49758	9934888	5152923	16	0	341	39337	0
49759	9934894	5152923	11	253	341	39332	0
49760	9934895	5152922	50	517	341	39331	0
49761	9934903	5152920	777	551	341	39328	0
49762	9934916	5152917	924	1222	341	39337	0
49763	9934945	5152913	1185	1393	341	39341	0
49764	9934970	5152909	1389	1447	341	39341	0
49765	9934990	5152905	1305	1461	341	39332	0
49766	9934990	5152902	1227	1116	341	39335	0
49767	9934970	5152900	1372	1307	341	39331	0
49768	9934932	5152897	1540	1349	341	39326	0
49769	9934878	5152895	1542	1040	341	39329	0
49770	9934823	5152894	1490	1229	341	39329	0
49771	9934769	5152894	1331	1380	341	39337	0
49772	9934716	5152893	1296	1077	341	39336	0
49773	9934665	5152892	1198	1284	341	39340	0
49774	9934620	5152891	1031	1220	341	39332	0
49775	9934582	5152890	924	1163	341	39345	0
49776	9934548	5152890	703	1009	341	39341	0
49777	9934530	5152889	405	1009	341	39342	0
49778	9934524	5152889	290	1009	341	39342	0
49779	9934530	5152889	305	0	341	39340	0
49780	9934528	5152890	5	271	341	39343	0
49781	9934515	5152890	40	531	341	39345	0
49782	9934490	5152891	735	799	341	39336	0
49783	9934445	5152892	1242	1144	341	39349	0
49784	9934395	5152893	1253	1367	341	39335	0
49785	9934340	5152894	1351	1538	341	39343	0
49786	9934285	5152894	1287	1671	341	39337	0
49787	9934228	5152895	1401	1746	340	39338	0
49788	9934170	5152895	1468	1714	340	39343	0
49789	9934110	5152895	1459	1732	340	39340	0
49790	9934043	5152896	1570	1817	340	39336	0
49791	9933978	5152896	1566	1916	340	39335	0
49792	9933905	5152896	1624	2014	340	39343	0
49793	9933826	5152895	1776	2025	340	39342	0
49794	9933746	5152895	1866	1790	340	39340	0
49795	9933663	5152894	1916	2018	340	39341	0
49796	9933580	5152893	1974	2060	340	39343	0
49797	9933496	5152893	1985	2087	340	39349	0
49798	9933405	5152893	1998	2130	340	39349	0
49799	9933289	5152892	2059	2121	340	39352	0
49800	9933205	5152892	1826	2089	340	39350	0
49801	9933130	5152893	1698	2046	340	39351	0
49802	9933062	5152894	1687	1748	340	39360	0
49803	9932990	5152896	1690	1870	340	39345	0
49804	9932917	5152899	1685	1851	340	39357	0
49805	9932845	5152900	1724	1810	340	39352	0
49806	9932782	5152902	1622	1662	340	39358	0
49807	9932734	5152904	1370	1518	340	39362	0
49808	9932698	5152903	996	1222	340	39357	0
49809	9932658	5152903	926	1152	340	39357	0
49810	9932623	5152902	927	1142	340	39358	0
49811	9932591	5152901	970	1127	340	39361	0
49812	9932567	5152899	1164	1093	340	39354	0
49813	9932537	5152896	1229	1036	340	39355	0
49814	9932505	5152894	1176	795	339	39353	0
49815	9932457	5152892	1183	991	340	39353	0
49816	9932419	5152891	983	818	339	39355	0
49817	9932380	5152889	1129	1255	339	39354	0
49818	9932345	5152887	1140	1374	339	39333	0
49819	9932320	5152884	1081	1357	339	39350	0
49820	9932297	5152881	1209	1402	339	39354	0
49821	9932280	5152877	1350	1414	339	39351	0
49822	9932270	5152873	1264	1268	339	39352	0
49823	9932252	5152868	1346	1453	339	39356	0
49824	9932228	5152865	1405	1501	339	39352	0
49825	9932201	5152862	1411	1116	339	39360	0
49826	9932174	5152859	1355	1272	339	39361	0
49827	9932148	5152856	1287	1276	339	39350	0
49828	9932118	5152854	1194	912	339	39357	0
49829	9932094	5152852	1142	948	339	39364	0
49830	9932092	5152849	988	847	339	39369	0
49831	9932090	5152847	414	847	339	39370	0
49832	9932100	5152846	261	847	339	39370	0
49833	9932103	5152846	179	0	339	39367	0
49834	9932110	5152846	1	0	339	39367	0
49835	9932108	5152846	3	0	339	39371	0
49836	9932110	5152846	11	0	339	39370	0
49837	9932110	5152845	5	0	339	39370	0
49838	9932110	5152845	5	0	339	39367	0
49839	9932112	5152845	1	0	339	39361	0
49840	9932112	5152845	3	0	339	39363	0
49841	9932110	5152845	7	0	339	39370	0
49842	9932108	5152845	0	0	339	39366	0
49843	9932108	5152845	0	0	339	39373	0
49844	9932101	5152845	0	0	339	39370	0
49845	9932101	5152845	0	0	339	39368	0
49846	9932098	5152845	1	0	339	39367	0
49847	9932098	5152845	5	0	339	39363	0
49848	9932100	5152845	24	0	339	39366	0
49849	9932108	5152845	18	0	339	39369	0
49850	9932117	5152845	18	0	339	39367	0
49851	9932121	5152846	12	0	339	39367	0
