#Zeit [s]	longitude [1e6]	Latitude [1e5]	GPSSpeed [1e2 km/h] 	Tacho [1e2 km/h] 	Temperatur [10 C] 	Druck [Pa] 	HoeheSee [10 m]
56330	9931830	5152844	42	0	382	39014	0
56331	9931830	5152843	35	0	382	39010	0
56332	9931828	5152843	33	0	382	39016	0
56333	9931828	5152844	50	0	382	39013	0
56334	9931830	5152844	38	0	382	39023	0
56335	9931830	5152844	50	0	382	39008	0
56336	9931828	5152844	37	0	382	39008	0
56337	9931828	5152844	55	0	382	39012	0
56338	9931827	5152844	64	0	382	39013	0
56339	9931825	5152844	55	0	382	39012	0
56340	9931827	5152844	114	0	381	39017	0
56341	9931822	5152844	120	0	381	39015	0
56342	9931818	5152844	125	0	381	39018	0
56343	9931808	5152844	129	0	381	39021	0
56344	9931807	5152844	137	0	381	39025	0
56345	9931807	5152844	129	0	381	39023	0
56346	9931802	5152844	129	0	381	39021	0
56347	9931798	5152844	124	0	381	39020	0
56348	9931795	5152844	90	0	381	39025	0
56349	9931788	5152844	81	0	381	39025	0
56350	9931782	5152844	33	0	381	39020	0
56351	9931773	5152844	111	0	380	39025	0
56352	9931765	5152844	164	0	380	39032	0
56353	9931760	5152844	122	0	380	39033	0
56354	9931757	5152844	46	0	380	39032	0
56355	9931751	5152844	33	0	380	39042	0
56356	9931746	5152844	35	0	380	39038	0
56357	9931746	5152844	83	0	379	39037	0
56358	9931746	5152844	87	0	379	39043	0
56359	9931746	5152844	107	0	379	39043	0
56360	9931750	5152844	172	0	379	39042	0
56361	9931750	5152845	209	0	379	39041	0
56362	9931757	5152845	211	0	379	39037	0
56363	9931764	5152845	203	0	379	39044	0
56364	9931790	5152845	203	0	379	39040	0
56365	9931798	5152845	194	0	379	39037	0
56366	9931811	5152845	203	0	379	39045	0
56367	9931824	5152846	166	176	379	39041	0
56368	9931830	5152846	164	176	379	39044	0
56369	9931844	5152846	129	176	379	39045	0
56370	9931850	5152846	124	0	378	39048	0
56371	9931865	5152847	127	502	378	39050	0
56372	9931875	5152847	190	648	378	39057	0
56373	9931891	5152847	303	778	378	39053	0
56374	9931907	5152849	375	655	377	39057	0
56375	9931927	5152849	448	901	377	39060	0
56376	9931955	5152850	522	1132	377	39058	0
56377	9931987	5152852	614	1286	376	39070	0
56378	9932016	5152854	753	1317	376	39075	0
56379	9932047	5152856	877	1383	375	39077	0
56380	9932096	5152859	1185	1440	375	39077	0
56381	9932130	5152862	1155	1271	375	39088	0
56382	9932154	5152865	1168	1428	375	39082	0
56383	9932178	5152867	1170	1550	374	39091	0
56384	9932217	5152871	1276	1571	374	39098	0
56385	9932257	5152873	1264	1174	373	39102	0
56386	9932299	5152878	1539	1375	373	39112	0
56387	9932340	5152883	1529	1375	372	39117	0
56388	9932372	5152887	1376	1375	372	39114	0
56389	9932399	5152891	1374	2952	372	39120	0
56390	9932433	5152894	1098	1641	372	39124	0
56391	9932473	5152895	1105	1399	371	39125	0
56392	9932531	5152897	1166	1361	371	39126	0
56393	9932589	5152898	1100	1064	370	39133	0
56394	9932642	5152898	1113	1473	370	39145	0
56395	9932695	5152897	1224	1594	369	39145	0
56396	9932747	5152896	1263	1649	369	39155	0
56397	9932796	5152895	1309	1680	368	39162	0
56398	9932854	5152894	1448	1697	368	39161	0
56399	9932912	5152893	1596	1712	367	39170	0
56400	9932972	5152892	1466	1499	367	39174	0
56401	9933026	5152892	1198	1643	366	39170	0
56402	9933080	5152891	1277	1698	366	39177	0
56403	9933146	5152891	1464	1704	366	39180	0
56404	9933220	5152891	1466	1732	365	39183	0
56405	9933303	5152891	1659	1758	365	39190	0
56406	9933378	5152891	1720	1554	364	39194	0
56407	9933454	5152891	1689	1729	364	39199	0
56408	9933523	5152891	1624	1732	363	39210	0
56409	9933590	5152891	1527	1682	363	39212	0
56410	9933657	5152890	1435	1617	362	39213	0
56411	9933713	5152889	1350	1191	362	39210	0
56412	9933772	5152889	1364	1364	362	39220	0
56413	9933824	5152889	1140	1251	362	39230	0
56414	9933864	5152889	766	944	361	39228	0
56415	9933890	5152889	455	944	361	39225	0
56416	9933908	5152888	20	944	361	39229	0
56417	9933918	5152887	5	0	361	39227	0
56418	9933927	5152887	1	0	361	39225	0
56419	9933935	5152887	7	0	361	39229	0
56420	9933938	5152887	9	0	361	39224	0
56421	9933938	5152887	0	0	361	39225	0
56422	9933938	5152887	0	0	361	39229	0
56423	9933938	5152887	0	0	362	39231	0
56424	9933938	5152887	0	0	362	39225	0
56425	9933938	5152887	0	0	362	39232	0
56426	9933938	5152887	0	0	361	39221	0
56427	9933938	5152887	0	0	362	39233	0
56428	9933938	5152887	0	0	361	39220	0
56429	9933938	5152887	0	0	361	39221	0
56430	9933938	5152887	0	0	361	39221	0
56431	9933938	5152887	0	0	362	39226	0
56432	9933938	5152887	0	0	362	39226	0
56433	9933938	5152887	0	0	361	39219	0
56434	9933938	5152887	0	0	362	39227	0
56435	9933938	5152887	0	0	361	39225	0
56436	9933938	5152887	0	0	362	39225	0
56437	9933938	5152887	0	0	362	39224	0
56438	9933938	5152887	0	0	361	39221	0
56439	9933938	5152887	0	0	361	39224	0
56440	9933938	5152887	0	0	361	39232	0
56441	9933938	5152887	0	0	361	39231	0
56442	9933938	5152887	0	417	361	39226	0
56443	9933938	5152887	0	580	361	39231	0
56444	9933945	5152887	340	776	361	39230	0
56445	9933960	5152887	533	909	361	39232	0
56446	9934009	5152890	646	937	360	39235	0
56447	9934056	5152892	913	730	360	39239	0
56448	9934103	5152894	1140	965	360	39236	0
56449	9934156	5152895	1188	1189	360	39242	0
56450	9934205	5152896	1183	1335	360	39256	0
56451	9934261	5152896	1390	1390	359	39252	0
56452	9934319	5152897	1337	1064	359	39257	0
56453	9934373	5152897	1270	1276	359	39252	0
56454	9934428	5152897	1176	1285	359	39261	0
56455	9934477	5152897	1164	1257	358	39258	0
56456	9934528	5152897	1172	1255	358	39261	0
56457	9934580	5152897	1224	1245	358	39264	0
56458	9934630	5152897	1174	1276	358	39268	0
56459	9934687	5152897	1235	1317	357	39265	0
56460	9934740	5152897	1235	1324	357	39275	0
56461	9934795	5152897	1285	1022	357	39280	0
56462	9934852	5152898	1389	894	357	39273	0
56463	9934910	5152898	1439	838	356	39266	0
56464	9934970	5152899	1446	1372	356	39276	0
56465	9935032	5152899	1439	1447	356	39283	0
56466	9935092	5152899	1351	1090	356	39276	0
56467	9935152	5152899	1442	1268	356	39278	0
56468	9935213	5152900	1401	991	356	39280	0
56469	9935273	5152900	1468	1257	355	39281	0
56470	9935331	5152900	1385	1301	355	39283	0
56471	9935389	5152900	1235	1318	355	39286	0
56472	9935436	5152900	1151	1355	355	39288	0
56473	9935485	5152900	1155	1358	355	39288	0
56474	9935536	5152899	1164	1325	355	39292	0
56475	9935585	5152899	1101	1140	355	39294	0
56476	9935628	5152899	894	1140	354	39292	0
56477	9935660	5152898	596	892	354	39292	0
56478	9935690	5152898	800	962	354	39295	0
56479	9935726	5152898	938	991	354	39294	0
56480	9935765	5152898	814	991	354	39295	0
56481	9935795	5152899	477	704	354	39295	0
56482	9935820	5152899	627	857	354	39295	0
56483	9935848	5152899	779	741	354	39295	0
56484	9935895	5152899	1224	1277	353	39300	0
56485	9935950	5152899	1383	1405	353	39300	0
56486	9936004	5152900	1209	1419	353	39302	0
56487	9936058	5152900	1316	1406	352	39306	0
56488	9936116	5152901	1318	1349	352	39307	0
56489	9936170	5152902	1209	1358	352	39311	0
56490	9936218	5152903	1218	1350	351	39314	0
56491	9936268	5152905	1207	1340	351	39318	0
56492	9936321	5152905	1246	1371	351	39319	0
56493	9936378	5152906	1333	1390	351	39323	0
56494	9936435	5152906	1368	1036	350	39323	0
56495	9936495	5152906	1379	1304	350	39335	0
56496	9936555	5152907	1374	1376	350	39330	0
56497	9936613	5152907	1313	1362	350	39331	0
56498	9936666	5152907	1259	1332	350	39327	0
56499	9936718	5152908	1229	1312	349	39332	0
56500	9936769	5152908	1229	1307	349	39332	0
56501	9936820	5152909	1235	1317	349	39327	0
56502	9936875	5152910	1348	1321	349	39328	0
56503	9936925	5152910	1231	1319	349	39328	0
56504	9936975	5152910	1190	1307	349	39323	0
56505	9937021	5152909	1074	1289	349	39330	0
56506	9937068	5152909	1072	953	349	39328	0
56507	9937115	5152909	1038	1076	349	39332	0
56508	9937159	5152909	1070	842	349	39329	0
56509	9937195	5152909	827	1140	349	39327	0
56510	9937230	5152908	840	1196	349	39329	0
56511	9937273	5152908	1179	1269	349	39326	0
56512	9937326	5152908	1285	1281	349	39332	0
56513	9937382	5152908	1298	1289	349	39326	0
56514	9937438	5152909	1372	1319	349	39327	0
56515	9937498	5152910	1363	1329	349	39324	0
56516	9937553	5152910	1268	1297	349	39320	0
56517	9937602	5152911	1213	1308	348	39325	0
56518	9937655	5152911	1294	1308	348	39319	0
56519	9937708	5152911	1281	1335	348	39320	0
56520	9937765	5152911	1285	1430	348	39326	0
56521	9937820	5152910	1324	1094	348	39316	0
56522	9937877	5152911	1281	1263	348	39323	0
56523	9937939	5152911	1457	992	348	39319	0
56524	9937995	5152911	1298	1222	348	39327	0
56525	9938046	5152911	1209	1208	348	39318	0
56526	9938098	5152911	1274	1349	348	39316	0
56527	9938147	5152910	1159	1351	348	39315	0
56528	9938187	5152910	970	1308	347	39318	0
56529	9938231	5152910	1031	1275	347	39320	0
56530	9938272	5152908	1116	1257	347	39328	0
56531	9938318	5152908	1148	1345	347	39323	0
56532	9938362	5152909	944	1343	347	39316	0
56533	9938401	5152910	1011	948	347	39323	0
56534	9938428	5152913	1057	981	347	39324	0
56535	9938452	5152915	885	943	347	39324	0
56536	9938477	5152916	637	804	347	39318	0
56537	9938497	5152916	29	804	347	39319	0
56538	9938507	5152916	24	804	347	39316	0
56539	9938508	5152916	20	0	347	39318	0
56540	9938507	5152916	18	0	347	39323	0
56541	9938503	5152916	16	0	347	39320	0
56542	9938501	5152915	0	0	347	39318	0
56543	9938501	5152915	0	443	347	39320	0
56544	9938508	5152916	35	643	347	39317	0
56545	9938521	5152916	59	828	347	39318	0
56546	9938566	5152917	1016	1052	347	39323	0
56547	9938615	5152918	1077	1084	346	39327	0
56548	9938665	5152918	1222	1155	346	39321	0
56549	9938720	5152918	1272	1172	346	39332	0
56550	9938766	5152918	985	1106	346	39333	0
56551	9938807	5152918	690	942	345	39330	0
56552	9938844	5152918	409	738	345	39335	0
56553	9938862	5152918	53	738	345	39339	0
56554	9938869	5152916	244	738	345	39337	0
56555	9938873	5152915	337	0	345	39339	0
56556	9938873	5152914	344	0	345	39338	0
56557	9938880	5152914	75	0	345	39342	0
56558	9938883	5152913	79	0	345	39343	0
56559	9938887	5152913	88	0	345	39340	0
56560	9938889	5152913	103	0	345	39338	0
56561	9938890	5152913	100	0	345	39340	0
56562	9938890	5152912	116	0	345	39345	0
56563	9938891	5152912	114	0	345	39343	0
56564	9938895	5152912	116	0	345	39343	0
56565	9938898	5152912	14	0	345	39344	0
56566	9938898	5152913	96	0	345	39343	0
56567	9938896	5152913	100	0	345	39345	0
56568	9938898	5152914	25	0	345	39348	0
56569	9938896	5152914	27	0	345	39345	0
56570	9938896	5152914	37	0	345	39348	0
56571	9938898	5152914	100	0	345	39342	0
56572	9938898	5152913	183	0	345	39344	0
56573	9938902	5152913	235	0	345	39345	0
56574	9938905	5152913	225	0	345	39345	0
56575	9938907	5152913	166	0	345	39345	0
56576	9938909	5152914	98	0	345	39353	0
56577	9938907	5152914	59	0	345	39353	0
56578	9938907	5152915	66	0	344	39341	0
56579	9938903	5152916	161	165	344	39345	0
56580	9938900	5152918	214	165	344	39349	0
56581	9938889	5152920	333	165	344	39352	0
56582	9938875	5152921	492	679	344	39355	0
56583	9938862	5152923	1168	919	343	39356	0
56584	9938847	5152926	1072	1231	343	39360	0
56585	9938835	5152928	1001	1509	343	39357	0
56586	9938822	5152932	1294	1699	342	39361	0
56587	9938802	5152936	1398	1906	342	39369	0
56588	9938775	5152940	1405	2008	342	39369	0
56589	9938746	5152943	1311	1784	341	39380	0
56590	9938722	5152947	1222	1980	341	39383	0
56591	9938705	5152951	1261	1809	340	39389	0
56592	9938688	5152955	1539	2141	340	39399	0
56593	9938675	5152961	1653	2227	339	39401	0
56594	9938665	5152966	1787	2273	339	39412	0
56595	9938662	5152971	1939	2313	338	39420	0
56596	9938662	5152978	1953	2332	338	39430	0
56597	9938668	5152987	2303	2060	337	39439	0
56598	9938668	5152994	2366	1997	337	39445	0
56599	9938653	5153000	2261	1969	336	39457	0
56600	9938640	5153006	2322	1952	335	39457	0
56601	9938620	5153012	2152	1908	335	39470	0
56602	9938608	5153018	2152	1980	335	39471	0
56603	9938597	5153023	1966	1901	334	39483	0
56604	9938581	5153027	1770	1917	334	39483	0
56605	9938557	5153032	1722	1732	334	39486	0
56606	9938533	5153036	1735	2037	333	39495	0
56607	9938515	5153041	1683	2105	333	39499	0
56608	9938503	5153048	1866	1875	333	39500	0
56609	9938490	5153053	1907	2127	332	39504	0
56610	9938475	5153058	1902	2145	332	39518	0
56611	9938463	5153063	1887	1854	332	39513	0
56612	9938447	5153069	2046	2009	331	39527	0
56613	9938355	5153072	2235	2025	331	39526	0
56614	9938309	5153076	1989	2039	331	39526	0
56615	9938280	5153080	1818	2051	330	39533	0
56616	9938256	5153084	1507	1825	330	39541	0
56617	9938230	5153088	1555	2090	330	39546	0
56618	9938205	5153092	1626	2103	330	39549	0
56619	9938187	5153101	1972	1871	329	39554	0
56620	9938164	5153106	1961	2066	329	39557	0
56621	9938138	5153111	1876	2071	329	39557	0
56622	9938120	5153117	1935	1814	328	39565	0
56623	9938104	5153122	1905	2048	328	39569	0
56624	9938090	5153127	1796	2062	328	39574	0
56625	9938070	5153131	1726	2022	328	39578	0
56626	9938058	5153135	1835	1960	327	39576	0
56627	9938042	5153139	1737	1855	327	39580	0
56628	9938033	5153145	1563	1505	326	39589	0
56629	9938030	5153150	1550	1558	326	39596	0
56630	9938046	5153154	1450	1135	326	39601	0
56631	9938064	5153157	1385	1142	326	39604	0
56632	9938077	5153161	1031	1001	326	39606	0
56633	9938088	5153163	857	1001	325	39605	0
56634	9938079	5153165	811	691	325	39612	0
56635	9938058	5153167	742	782	325	39605	0
56636	9937968	5153168	950	896	325	39615	0
56637	9937922	5153170	894	970	325	39615	0
56638	9937872	5153170	590	943	325	39616	0
56639	9937777	5153170	370	931	325	39618	0
56640	9937758	5153170	244	947	325	39621	0
56641	9937758	5153171	646	778	325	39617	0
56642	9937792	5153171	885	1279	325	39618	0
56643	9937840	5153172	1370	1548	325	39619	0
56644	9937895	5153174	1377	1724	325	39615	0
56645	9937952	5153175	1446	1620	324	39613	0
56646	9938015	5153176	1587	1847	324	39614	0
56647	9938087	5153178	1674	1922	324	39617	0
56648	9938145	5153179	1514	1945	324	39613	0
56649	9938209	5153180	1603	1976	324	39618	0
56650	9938273	5153182	1700	2017	323	39618	0
56651	9938343	5153183	1818	2017	323	39615	0
56652	9938418	5153185	1881	2017	323	39623	0
56653	9938495	5153187	1916	1980	323	39620	0
56654	9938568	5153188	1844	1944	323	39627	0
56655	9938633	5153190	1622	1900	322	39632	0
56656	9938700	5153191	1657	1632	322	39626	0
56657	9938762	5153192	1592	1774	322	39624	0
56658	9938824	5153196	1646	1783	322	39632	0
56659	9938885	5153198	1637	1775	322	39630	0
56660	9938943	5153201	1687	1796	322	39625	0
56661	9939010	5153203	1737	1822	322	39639	0
56662	9939076	5153206	1787	1870	321	39637	0
56663	9939138	5153208	1714	1657	321	39641	0
56664	9939197	5153211	1716	1812	321	39639	0
56665	9939253	5153214	1907	1854	321	39640	0
56666	9939310	5153217	1800	1871	321	39638	0
56667	9939362	5153221	1614	1902	320	39640	0
56668	9939406	5153224	1516	1672	320	39645	0
56669	9939455	5153227	1553	1844	320	39640	0
56670	9939505	5153230	1446	1877	320	39640	0
56671	9939547	5153233	1457	1880	320	39636	0
56672	9939591	5153236	1459	1871	320	39641	0
56673	9939651	5153238	1446	1861	320	39646	0
56674	9939715	5153241	1548	1843	319	39641	0
56675	9939772	5153243	1544	1808	319	39645	0
56676	9939841	5153245	1463	1785	319	39650	0
56677	9939897	5153248	1520	1603	319	39642	0
56678	9939945	5153251	1507	1751	319	39644	0
56679	9939993	5153253	1377	1765	319	39641	0
56680	9940045	5153256	1696	1775	318	39641	0
56681	9940110	5153258	1727	1526	318	39642	0
56682	9940160	5153262	1477	1628	318	39642	0
56683	9940213	5153264	1324	1623	318	39639	0
56684	9940271	5153266	1413	1644	318	39642	0
56685	9940327	5153270	1537	1677	318	39650	0
56686	9940369	5153275	1305	1687	317	39644	0
56687	9940409	5153281	1311	1643	317	39646	0
56688	9940447	5153283	1307	1620	317	39648	0
56689	9940485	5153287	1250	1201	317	39645	0
56690	9940530	5153290	1283	1201	317	39644	0
56691	9940572	5153292	1248	794	317	39649	0
56692	9940607	5153294	1174	779	317	39641	0
56693	9940645	5153297	1207	1155	317	39646	0
56694	9940681	5153299	1198	949	317	39645	0
56695	9940740	5153301	1257	1184	316	39645	0
56696	9940777	5153303	1150	1273	316	39645	0
56697	9940817	5153306	1198	1304	316	39646	0
56698	9940842	5153309	1098	1321	316	39653	0
56699	9940850	5153314	1301	1348	316	39646	0
56700	9940865	5153317	1203	1346	316	39651	0
56701	9940858	5153319	1026	1347	315	39652	0
56702	9940895	5153322	1103	1376	315	39641	0
56703	9940942	5153323	1140	1372	315	39654	0
56704	9940985	5153324	1140	1352	315	39645	0
56705	9941027	5153324	1085	997	315	39646	0
56706	9941076	5153325	1133	1184	315	39642	0
56707	9941125	5153327	1211	1220	315	39640	0
56708	9941174	5153329	1296	1272	315	39638	0
56709	9941225	5153330	1287	1278	315	39638	0
56710	9941272	5153332	1274	963	315	39637	0
56711	9941321	5153333	1174	1233	315	39630	0
56712	9941368	5153334	1183	1284	315	39628	0
56713	9941412	5153335	1098	976	315	39627	0
56714	9941453	5153338	1105	1261	315	39626	0
56715	9941495	5153339	1077	1292	315	39633	0
56716	9941539	5153340	1085	1252	315	39625	0
56717	9941579	5153343	1051	1220	315	39620	0
56718	9941618	5153345	1048	1147	315	39624	0
56719	9941660	5153348	1014	1100	315	39626	0
56720	9941697	5153349	961	1057	315	39620	0
56721	9941735	5153350	964	1141	315	39623	0
56722	9941770	5153352	1022	1317	315	39615	0
56723	9941812	5153354	1266	1045	315	39612	0
56724	9941863	5153355	1300	1501	315	39610	0
56725	9941918	5153356	1342	1632	315	39607	0
56726	9941975	5153359	1418	1629	315	39602	0
56727	9942019	5153361	1231	1619	315	39603	0
56728	9942061	5153362	1194	1568	315	39604	0
56729	9942101	5153366	1233	1551	315	39604	0
56730	9942125	5153369	1222	1167	315	39607	0
56731	9942139	5153373	1226	978	315	39605	0
56732	9942146	5153377	1272	1454	314	39608	0
56733	9942150	5153381	1368	1622	314	39610	0
56734	9942155	5153385	1490	1666	314	39626	0
56735	9942157	5153390	1755	1655	314	39626	0
56736	9942155	5153394	1494	1626	314	39628	0
56737	9942160	5153399	1527	1654	314	39628	0
56738	9942168	5153404	1522	1716	314	39626	0
56739	9942170	5153408	1531	1743	313	39630	0
56740	9942166	5153412	1577	1561	313	39640	0
56741	9942162	5153417	1527	1743	313	39640	0
56742	9942155	5153421	1490	1798	313	39640	0
56743	9942159	5153428	1570	1855	313	39635	0
56744	9942155	5153433	1561	1870	313	39644	0
56745	9942132	5153436	1331	1839	312	39640	0
56746	9942123	5153439	1326	1825	312	39648	0
56747	9942117	5153444	1326	1834	312	39645	0
56748	9942110	5153447	1850	1769	312	39642	0
56749	9942100	5153452	1820	1711	312	39651	0
56750	9942079	5153456	1498	1632	311	39657	0
56751	9942053	5153462	1338	1593	311	39655	0
56752	9942041	5153466	1224	1327	311	39661	0
56753	9942037	5153470	1229	1038	311	39674	0
56754	9942041	5153473	1274	1385	310	39681	0
56755	9942050	5153478	1451	1439	310	39683	0
56756	9942057	5153482	1442	1361	310	39686	0
56757	9942060	5153485	1372	1570	310	39701	0
56758	9942039	5153488	1194	1666	309	39704	0
56759	9942025	5153491	1133	1745	309	39703	0
56760	9942005	5153496	1348	1910	309	39711	0
56761	9941990	5153500	1474	2017	309	39716	0
56762	9941977	5153505	1653	2147	308	39723	0
56763	9941975	5153511	1913	2214	308	39727	0
56764	9941980	5153517	1911	2257	308	39737	0
56765	9941983	5153523	2048	2288	308	39740	0
56766	9941985	5153528	2116	2038	308	39741	0
56767	9941981	5153534	2072	1995	307	39753	0
56768	9941978	5153540	2137	1986	307	39765	0
56769	9941975	5153546	2303	1976	307	39765	0
56770	9941972	5153553	2263	1941	307	39768	0
56771	9941965	5153559	2183	1904	306	39777	0
56772	9941952	5153565	2181	2214	306	39778	0
56773	9941938	5153571	2189	2206	306	39780	0
56774	9941915	5153576	2183	2155	306	39793	0
56775	9941887	5153580	2002	1862	306	39791	0
56776	9941878	5153585	1929	2146	306	39801	0
56777	9941874	5153590	1916	2197	305	39788	0
56778	9941860	5153595	2011	2207	305	39800	0
56779	9941847	5153601	1981	1924	305	39804	0
56780	9941836	5153607	2170	2129	305	39813	0
56781	9941832	5153612	1894	2106	305	39817	0
56782	9941805	5153615	1548	2082	304	39820	0
56783	9941805	5153620	1642	2033	304	39821	0
56784	9941812	5153624	1727	1948	304	39823	0
56785	9941825	5153630	1820	1858	304	39806	0
56786	9941835	5153635	1761	1641	304	39812	0
56787	9941842	5153640	1827	1877	304	39821	0
56788	9941854	5153645	1833	1975	304	39818	0
56789	9941865	5153650	1831	2011	304	39815	0
56790	9941872	5153655	1835	2062	304	39816	0
56791	9941874	5153660	1948	2081	304	39819	0
56792	9941874	5153665	1918	1802	304	39819	0
56793	9941870	5153669	1920	2032	303	39817	0
56794	9941872	5153675	1966	2058	303	39820	0
56795	9941876	5153681	2061	2081	303	39813	0
56796	9941888	5153686	2005	2044	303	39819	0
56797	9941908	5153691	1996	1758	303	39812	0
56798	9941945	5153696	2052	1955	303	39817	0
56799	9941985	5153701	1907	1765	303	39811	0
56800	9942027	5153706	1911	2034	302	39815	0
56801	9942075	5153711	2135	2091	302	39818	0
56802	9942119	5153715	2020	2086	302	39818	0
56803	9942162	5153719	2050	2076	302	39819	0
56804	9942202	5153723	1876	2084	302	39823	0
56805	9942239	5153727	1872	2048	302	39826	0
56806	9942277	5153732	1953	2035	302	39819	0
56807	9942313	5153735	1853	1998	302	39827	0
56808	9942347	5153740	1846	2008	301	39826	0
56809	9942382	5153744	1783	1996	301	39827	0
56810	9942413	5153748	1700	1996	301	39828	0
56811	9942445	5153752	2064	1760	301	39830	0
56812	9942469	5153756	1826	1981	301	39830	0
56813	9942476	5153761	1905	1802	301	39832	0
56814	9942489	5153767	1970	2087	301	39835	0
56815	9942498	5153772	1831	2120	300	39837	0
56816	9942505	5153777	1868	1870	300	39844	0
56817	9942505	5153782	1857	2096	300	39839	0
56818	9942503	5153786	1676	2129	300	39841	0
56819	9942503	5153791	1831	2103	300	39838	0
56820	9942502	5153797	1913	2061	300	39838	0
56821	9942496	5153801	1827	2041	300	39842	0
56822	9942487	5153806	1631	1986	300	39845	0
56823	9942480	5153810	1687	2012	299	39841	0
56824	9942472	5153816	1800	1754	299	39849	0
56825	9942462	5153821	1751	1963	299	39845	0
56826	9942453	5153826	1803	1784	299	39840	0
56827	9942449	5153831	1857	2092	299	39844	0
56828	9942449	5153837	2087	2108	299	39851	0
56829	9942442	5153842	2016	1867	299	39860	0
56830	9942435	5153848	2077	2128	299	39856	0
56831	9942435	5153854	2085	2152	299	39856	0
56832	9942435	5153860	2140	2129	298	39857	0
56833	9942431	5153866	1964	2124	298	39864	0
56834	9942427	5153872	2057	2172	298	39860	0
56835	9942429	5153878	2059	2181	298	39864	0
56836	9942427	5153883	2113	1937	298	39867	0
56837	9942429	5153889	2150	2123	298	39869	0
56838	9942429	5153895	2153	2140	298	39868	0
56839	9942422	5153900	2089	2106	298	39870	0
56840	9942411	5153906	1968	2085	298	39874	0
56841	9942393	5153910	1779	2081	298	39871	0
56842	9942378	5153914	1735	1796	297	39878	0
56843	9942364	5153919	1603	1956	297	39877	0
56844	9942348	5153922	1603	1900	297	39876	0
56845	9942337	5153927	1527	1820	297	39879	0
56846	9942337	5153932	1751	1778	297	39882	0
56847	9942344	5153937	1666	1585	297	39887	0
56848	9942345	5153940	1218	1325	297	39889	0
56849	9942340	5153943	772	1325	297	39889	0
56850	9942338	5153944	25	1325	297	39890	0
56851	9942337	5153944	1	0	297	39886	0
56852	9942344	5153944	7	0	297	39890	0
56853	9942350	5153945	11	0	297	39892	0
56854	9942345	5153945	11	0	297	39887	0
56855	9942340	5153945	9	0	297	39891	0
56856	9942337	5153945	5	0	297	39891	0
56857	9942337	5153945	1	0	297	39890	0
56858	9942337	5153945	1	0	297	39885	0
56859	9942337	5153945	1	0	297	39885	0
56860	9942337	5153945	1	0	297	39877	0
56861	9942337	5153945	3	0	297	39879	0
56862	9942337	5153945	5	0	297	39885	0
56863	9942337	5153945	5	0	297	39880	0
56864	9942337	5153945	5	0	297	39881	0
56865	9942338	5153945	1	0	298	39878	0
56866	9942338	5153945	1	0	298	39875	0
56867	9942338	5153945	3	0	298	39874	0
56868	9942340	5153945	7	0	298	39875	0
56869	9942344	5153945	7	0	298	39875	0
56870	9942340	5153945	0	0	298	39874	0
56871	9942340	5153945	0	0	298	39876	0
56872	9942340	5153945	0	0	298	39876	0
56873	9942340	5153945	7	0	298	39871	0
56874	9942344	5153945	0	0	298	39876	0
56875	9942344	5153945	0	0	298	39870	0
56876	9942344	5153945	0	0	298	39870	0
56877	9942344	5153945	0	0	298	39871	0
56878	9942344	5153945	5	0	298	39870	0
56879	9942344	5153945	0	0	298	39871	0
56880	9942344	5153945	0	0	298	39871	0
56881	9942344	5153945	0	0	299	39875	0
56882	9942344	5153945	0	0	298	39868	0
56883	9942344	5153945	0	0	299	39871	0
56884	9942344	5153945	0	0	299	39875	0
56885	9942344	5153945	0	0	299	39864	0
56886	9942344	5153945	0	0	299	39865	0
56887	9942344	5153945	0	0	299	39865	0
56888	9942344	5153945	0	0	299	39864	0
56889	9942344	5153945	0	0	299	39857	0
56890	9942344	5153945	0	0	299	39863	0
56891	9942344	5153945	0	0	299	39867	0
56892	9942344	5153945	0	0	299	39862	0
56893	9942344	5153945	0	0	299	39860	0
56894	9942344	5153945	0	0	299	39855	0
56895	9942344	5153945	0	0	299	39860	0
56896	9942344	5153945	0	0	299	39864	0
56897	9942344	5153945	0	0	299	39857	0
56898	9942344	5153945	0	0	300	39866	0
56899	9942344	5153945	0	0	300	39855	0
56900	9942344	5153945	0	0	300	39856	0
56901	9942344	5153945	35	187	300	39849	0
56902	9942344	5153945	0	403	300	39853	0
56903	9942344	5153946	0	613	300	39848	0
56904	9942337	5153946	457	747	300	39854	0
56905	9942324	5153951	663	912	300	39845	0
56906	9942307	5153954	864	1087	300	39848	0
56907	9942288	5153956	901	1156	300	39844	0
56908	9942273	5153959	1140	1318	300	39849	0
56909	9942258	5153963	1301	1424	300	39844	0
56910	9942240	5153966	1305	974	300	39850	0
56911	9942220	5153970	1309	1465	300	39854	0
56912	9942204	5153974	1227	1609	299	39855	0
56913	9942190	5153978	1526	1655	299	39854	0
56914	9942179	5153983	1722	1757	299	39854	0
56915	9942166	5153987	1709	1804	299	39866	0
56916	9942153	5153991	1698	1840	299	39869	0
56917	9942133	5153996	1601	1892	299	39870	0
56918	9942110	5154000	1729	1905	299	39866	0
56919	9942088	5154004	1640	1911	299	39873	0
56920	9942072	5154009	1698	1678	299	39885	0
56921	9942050	5154013	1639	1867	298	39883	0
56922	9942030	5154018	1629	1973	298	39886	0
56923	9942015	5154022	1687	1989	298	39885	0
56924	9942000	5154027	1790	1968	298	39888	0
56925	9941981	5154032	1850	1964	298	39892	0
56926	9941950	5154037	1855	1975	298	39902	0
56927	9941918	5154041	1868	1980	297	39905	0
56928	9941892	5154046	1855	1905	297	39895	0
56929	9941872	5154051	1853	1878	297	39904	0
56930	9941854	5154056	1746	1865	297	39910	0
56931	9941838	5154060	1818	1849	297	39907	0
56932	9941825	5154065	1790	1839	297	39903	0
56933	9941807	5154070	1750	1850	297	39911	0
56934	9941789	5154075	1809	1846	297	39916	0
56935	9941776	5154079	1637	1840	296	39915	0
56936	9941749	5154082	1539	1826	296	39917	0
56937	9941733	5154087	1659	1789	296	39919	0
56938	9941711	5154091	1570	1332	296	39926	0
56939	9941695	5154095	1522	1370	296	39932	0
56940	9941678	5154099	1524	1614	296	39929	0
56941	9941662	5154103	1689	1659	296	39931	0
56942	9941642	5154107	1603	1677	295	39927	0
56943	9941618	5154110	1433	1664	295	39938	0
56944	9941597	5154114	1555	1753	295	39941	0
56945	9941579	5154118	1622	1790	295	39936	0
56946	9941557	5154122	1798	1749	295	39931	0
56947	9941537	5154126	1701	1753	295	39945	0
56948	9941520	5154131	1663	1774	295	39937	0
56949	9941505	5154136	1696	1776	294	39942	0
56950	9941492	5154140	1553	1536	294	39950	0
56951	9941483	5154145	1566	1712	294	39949	0
56952	9941472	5154150	1676	1767	294	39945	0
56953	9941466	5154154	1611	1807	294	39957	0
56954	9941460	5154159	1698	1610	294	39948	0
56955	9941446	5154164	1729	1763	294	39945	0
56956	9941435	5154169	1731	1832	294	39955	0
56957	9941420	5154174	1807	1828	294	39957	0
56958	9941407	5154179	1796	1811	293	39958	0
56959	9941390	5154183	1692	1809	293	39956	0
56960	9941372	5154188	1616	1823	293	39958	0
56961	9941350	5154191	1605	1594	293	39969	0
56962	9941330	5154196	1651	1737	293	39973	0
56963	9941308	5154200	1611	1778	293	39965	0
56964	9941290	5154204	1561	1837	293	39973	0
56965	9941268	5154207	1563	1861	293	39973	0
56966	9941248	5154212	1694	1883	293	39967	0
56967	9941232	5154216	1651	1928	293	39970	0
56968	9941216	5154220	1601	1984	293	39965	0
56969	9941198	5154225	1820	2063	293	39968	0
56970	9941180	5154230	1905	2131	293	39977	0
56971	9941156	5154236	2059	2146	293	39971	0
56972	9941136	5154241	1902	2151	293	39970	0
56973	9941115	5154245	1872	2185	293	39982	0
56974	9941096	5154250	1824	2266	292	39975	0
56975	9941073	5154255	2096	2282	292	39973	0
56976	9941051	5154261	2094	2309	292	39976	0
56977	9941027	5154266	2103	2052	292	39977	0
56978	9941000	5154271	2227	1988	292	39980	0
56979	9940975	5154277	2198	1968	292	39980	0
56980	9940950	5154283	2198	1951	292	39983	0
56981	9940922	5154287	1931	1967	292	39982	0
56982	9940895	5154292	1827	2012	292	39989	0
56983	9940877	5154298	2011	2298	291	39988	0
56984	9940855	5154304	2222	2510	291	39992	0
56985	9940833	5154310	2324	2517	291	39992	0
56986	9940813	5154316	2322	2517	291	40007	0
56987	9940788	5154323	2331	2553	291	40002	0
56988	9940765	5154329	2331	2337	291	40003	0
56989	9940742	5154335	2335	2479	291	40005	0
56990	9940715	5154341	2398	2468	291	40016	0
56991	9940692	5154347	2398	2429	290	40018	0
56992	9940674	5154353	2407	2418	290	40021	0
56993	9940655	5154360	2198	2454	290	40032	0
56994	9940634	5154366	2240	2485	290	40020	0
56995	9940617	5154371	2235	2473	290	40033	0
56996	9940598	5154378	2413	2469	290	40035	0
56997	9940574	5154384	2261	2328	290	40041	0
56998	9940548	5154390	2405	2474	290	40039	0
56999	9940527	5154396	2339	2515	289	40046	0
57000	9940503	5154402	2250	2471	289	40038	0
57001	9940482	5154407	2257	2127	289	40048	0
57002	9940463	5154413	2203	2271	289	40057	0
57003	9940440	5154418	2198	2261	289	40049	0
57004	9940413	5154424	2190	2205	289	40056	0
57005	9940389	5154429	2148	1874	289	40052	0
57006	9940365	5154435	2064	1962	289	40057	0
57007	9940345	5154439	1785	1752	289	40060	0
57008	9940338	5154443	1661	1608	289	40057	0
57009	9940336	5154447	1235	1399	289	40069	0
57010	9940340	5154450	683	1019	289	40066	0
57011	9940347	5154452	27	1019	289	40069	0
57012	9940358	5154452	18	1019	289	40068	0
57013	9940367	5154453	16	0	289	40068	0
57014	9940373	5154453	12	0	289	40061	0
57015	9940373	5154454	12	0	289	40061	0
57016	9940373	5154454	14	0	289	40068	0
57017	9940372	5154455	0	0	289	40067	0
57018	9940372	5154455	0	0	289	40065	0
57019	9940372	5154455	1	0	289	40065	0
57020	9940372	5154455	3	0	289	40063	0
57021	9940372	5154455	5	0	289	40052	0
57022	9940370	5154455	3	0	289	40053	0
57023	9940372	5154455	0	0	290	40055	0
57024	9940372	5154455	0	0	290	40050	0
57025	9940372	5154455	1	0	290	40052	0
57026	9940370	5154455	0	0	290	40055	0
57027	9940370	5154455	0	0	290	40050	0
57028	9940367	5154455	7	0	290	40054	0
57029	9940365	5154455	1	0	290	40046	0
57030	9940363	5154455	0	0	290	40049	0
57031	9940363	5154455	0	0	290	40057	0
57032	9940365	5154455	0	0	290	40050	0
57033	9940365	5154455	0	0	290	40053	0
57034	9940370	5154455	405	1687	290	40052	0
57035	9940367	5154458	783	1259	290	40057	0
57036	9940362	5154460	857	1102	290	40056	0
57037	9940356	5154462	827	1002	290	40043	0
57038	9940351	5154465	905	1057	290	40049	0
57039	9940347	5154467	1001	1110	290	40050	0
57040	9940340	5154470	1088	1189	290	40046	0
57041	9940333	5154474	1422	1295	290	40046	0
57042	9940329	5154477	1555	1508	290	40043	0
57043	9940316	5154482	1616	1512	290	40045	0
57044	9940297	5154485	1457	1512	290	40050	0
57045	9940275	5154489	1451	1308	290	40042	0
57046	9940262	5154493	1511	1608	290	40045	0
57047	9940253	5154497	1622	1751	290	40048	0
57048	9940242	5154501	1624	1768	290	40052	0
57049	9940225	5154506	1577	1777	290	40040	0
57050	9940208	5154509	1583	1793	290	40043	0
57051	9940193	5154514	1629	1823	290	40049	0
57052	9940178	5154518	1692	1832	290	40046	0
57053	9940160	5154522	1687	1836	290	40044	0
57054	9940140	5154526	1696	1852	290	40043	0
57055	9940113	5154530	1666	1841	290	40040	0
57056	9940093	5154534	1666	1824	290	40043	0
57057	9940072	5154538	1594	1805	290	40045	0
57058	9940050	5154542	1683	1818	289	40045	0
57059	9940028	5154546	1737	1592	289	40045	0
57060	9940008	5154551	1627	1760	289	40052	0
57061	9939992	5154555	1705	1805	289	40050	0
57062	9939973	5154559	1711	1823	289	40046	0
57063	9939953	5154563	1609	1837	289	40048	0
57064	9939932	5154567	1611	1831	289	40052	0
57065	9939915	5154571	1642	1804	289	40045	0
57066	9939901	5154575	1648	1567	289	40045	0
57067	9939892	5154580	1637	1746	289	40052	0
57068	9939878	5154584	1646	1783	289	40049	0
57069	9939861	5154588	1696	1794	289	40051	0
57070	9939841	5154592	1700	1786	289	40053	0
57071	9939825	5154596	1690	1842	289	40052	0
57072	9939805	5154601	1796	1844	288	40048	0
57073	9939789	5154605	1761	1589	288	40044	0
57074	9939770	5154610	1607	1756	288	40042	0
57075	9939754	5154614	1701	1820	288	40051	0
57076	9939735	5154620	1792	1860	288	40050	0
57077	9939715	5154625	1861	1874	288	40053	0
57078	9939700	5154630	1800	1879	288	40056	0
57079	9939683	5154635	1653	1872	288	40060	0
57080	9939660	5154638	1655	1869	288	40057	0
57081	9939638	5154643	1687	1858	288	40056	0
57082	9939620	5154647	1651	1632	288	40057	0
57083	9939603	5154651	1685	1809	288	40067	0
57084	9939587	5154656	1896	1871	288	40052	0
57085	9939569	5154660	1940	1669	288	40055	0
57086	9939548	5154665	1940	1831	287	40054	0
57087	9939533	5154670	1805	1817	287	40058	0
57088	9939522	5154674	1692	1793	287	40055	0
57089	9939511	5154678	1774	1767	287	40060	0
57090	9939491	5154682	1644	1773	287	40054	0
57091	9939468	5154686	1566	1765	287	40063	0
57092	9939446	5154690	1577	1589	287	40057	0
57093	9939430	5154694	1676	1783	287	40054	0
57094	9939412	5154699	1670	1812	287	40058	0
57095	9939397	5154703	1672	1799	287	40063	0
57096	9939379	5154707	1718	1793	287	40054	0
57097	9939362	5154711	1657	1802	287	40065	0
57098	9939348	5154715	1705	1801	287	40054	0
57099	9939330	5154719	1533	1585	287	40057	0
57100	9939319	5154723	1639	1760	287	40070	0
57101	9939303	5154727	1635	1794	287	40066	0
57102	9939288	5154732	1642	1794	286	40071	0
57103	9939268	5154736	1733	1565	286	40070	0
57104	9939248	5154740	1659	1706	286	40075	0
57105	9939234	5154744	1661	1742	286	40070	0
57106	9939219	5154749	1711	1753	286	40067	0
57107	9939203	5154753	1709	1748	286	40074	0
57108	9939188	5154757	1603	1795	286	40065	0
57109	9939172	5154761	1648	1937	286	40074	0
57110	9939150	5154766	1831	1873	286	40079	0
57111	9939123	5154771	2053	2278	286	40070	0
57112	9939094	5154777	2133	2425	286	40069	0
57113	9939065	5154783	2344	2532	286	40075	0
57114	9939043	5154789	2350	2453	286	40071	0
57115	9939027	5154795	2361	2636	286	40075	0
57116	9939009	5154801	2400	2652	285	40073	0
57117	9938990	5154808	2526	2465	285	40074	0
57118	9938976	5154815	2698	2591	285	40070	0
57119	9938969	5154822	2620	2565	285	40086	0
57120	9938969	5154828	2589	2223	285	40083	0
57121	9938963	5154835	2424	2303	285	40080	0
57122	9938960	5154841	2292	2455	285	40091	0
57123	9938956	5154847	2289	2499	285	40086	0
57124	9938955	5154854	2485	2466	285	40086	0
57125	9938949	5154861	2487	2418	285	40083	0
57126	9938936	5154867	2416	2390	285	40085	0
57127	9938925	5154873	2387	2354	285	40076	0
57128	9938916	5154879	2218	2296	285	40080	0
57129	9938907	5154885	2394	2280	284	40089	0
57130	9938893	5154892	2177	2312	284	40092	0
57131	9938880	5154897	2103	2308	284	40091	0
57132	9938869	5154904	2253	2299	284	40100	0
57133	9938858	5154909	2244	2313	284	40090	0
57134	9938848	5154915	2070	1997	284	40094	0
57135	9938842	5154920	2081	2245	284	40095	0
57136	9938833	5154926	2066	2299	284	40095	0
57137	9938822	5154931	2055	2363	284	40095	0
57138	9938810	5154937	2237	2355	284	40094	0
57139	9938800	5154943	2359	2343	284	40088	0
57140	9938790	5154949	2276	2303	284	40092	0
57141	9938788	5154954	2103	2244	284	40100	0
57142	9938788	5154960	2157	2230	283	40095	0
57143	9938784	5154965	2111	2224	283	40093	0
57144	9938782	5154971	2207	1934	283	40096	0
57145	9938777	5154976	2272	2090	283	40102	0
57146	9938788	5154982	2318	2052	283	40105	0
57147	9938793	5154987	2139	1979	283	40103	0
57148	9938797	5154992	2152	1925	283	40100	0
57149	9938798	5154997	2042	1862	283	40100	0
57150	9938798	5155002	1863	1267	283	40107	0
57151	9938802	5155005	1803	1153	283	40099	0
57152	9938804	5155009	1161	1153	283	40099	0
57153	9938805	5155010	31	1153	283	40101	0
57154	9938810	5155010	9	0	283	40100	0
57155	9938810	5155010	9	0	283	40102	0
57156	9938810	5155010	5	0	284	40104	0
57157	9938811	5155010	3	0	283	40101	0
57158	9938811	5155010	3	0	284	40093	0
57159	9938811	5155010	0	0	284	40094	0
57160	9938811	5155010	0	0	284	40096	0
57161	9938811	5155010	0	0	284	40098	0
57162	9938811	5155010	1	0	284	40098	0
57163	9938811	5155010	5	0	284	40096	0
57164	9938810	5155010	5	0	284	40085	0
57165	9938810	5155010	1	0	284	40092	0
57166	9938808	5155010	1	0	284	40088	0
57167	9938808	5155010	1	364	284	40086	0
57168	9938810	5155011	9	364	284	40086	0
57169	9938808	5155011	364	369	284	40085	0
57170	9938804	5155013	507	772	284	40088	0
57171	9938798	5155016	603	1267	284	40085	0
57172	9938798	5155019	861	1524	284	40086	0
57173	9938805	5155022	1389	1688	284	40081	0
57174	9938810	5155027	1718	1590	284	40071	0
57175	9938811	5155032	1961	1873	284	40076	0
57176	9938813	5155037	1931	2085	284	40077	0
57177	9938822	5155042	2048	2245	284	40082	0
57178	9938835	5155049	2440	2369	284	40076	0
57179	9938851	5155054	2400	2465	284	40067	0
57180	9938865	5155060	2500	2496	284	40073	0
57181	9938878	5155066	2392	2180	284	40065	0
57182	9938893	5155073	2396	2447	284	40074	0
57183	9938913	5155079	2389	2342	284	40069	0
57184	9938933	5155084	2379	2501	284	40068	0
57185	9938955	5155090	2453	2540	284	40073	0
57186	9938978	5155097	2459	2600	284	40070	0
57187	9938998	5155103	2581	2675	284	40067	0
57188	9939020	5155110	2665	2698	284	40070	0
57189	9939045	5155117	2672	2718	284	40071	0
57190	9939075	5155124	2672	2608	284	40071	0
57191	9939105	5155130	2659	2799	284	40065	0
57192	9939135	5155136	2616	2773	283	40067	0
57193	9939165	5155143	2529	2729	283	40071	0
57194	9939197	5155149	2642	2717	283	40067	0
57195	9939234	5155156	2652	2714	283	40065	0
57196	9939270	5155162	2642	2559	283	40063	0
57197	9939303	5155168	2635	2708	283	40064	0
57198	9939340	5155175	2640	2549	283	40067	0
57199	9939382	5155181	2627	2657	283	40069	0
57200	9939422	5155187	2674	2665	283	40065	0
57201	9939462	5155193	2600	2661	283	40064	0
57202	9939500	5155200	2607	2626	283	40064	0
57203	9939537	5155206	2533	2598	283	40066	0
57204	9939573	5155212	2526	2454	283	40057	0
57205	9939615	5155218	2561	2622	283	40056	0
57206	9939653	5155224	2561	2641	283	40056	0
57207	9939693	5155230	2574	2493	283	40060	0
57208	9939736	5155235	2648	2671	283	40056	0
57209	9939787	5155242	2607	2748	283	40060	0
57210	9939841	5155247	2653	2789	283	40045	0
57211	9939895	5155253	2716	2813	283	40050	0
57212	9939948	5155259	2679	2802	282	40040	0
57213	9939999	5155265	2722	2579	282	40038	0
57214	9940050	5155272	2809	2676	282	40042	0
57215	9940100	5155277	2631	2596	282	40040	0
57216	9940146	5155283	2327	2271	282	40040	0
57217	9940180	5155288	2240	2280	282	40037	0
57218	9940217	5155293	2202	1895	282	40043	0
57219	9940255	5155298	2031	1961	282	40036	0
57220	9940297	5155302	2020	1878	282	40040	0
57221	9940331	5155306	1787	1771	282	40040	0
57222	9940365	5155311	1651	1258	282	40037	0
57223	9940390	5155314	1316	1194	282	40045	0
57224	9940409	5155316	950	1194	282	40039	0
57225	9940416	5155317	370	1194	282	40042	0
57226	9940415	5155317	7	0	282	40042	0
57227	9940412	5155317	5	0	282	40045	0
57228	9940409	5155317	3	0	282	40044	0
57229	9940405	5155317	1	0	282	40039	0
57230	9940403	5155317	1	0	282	40041	0
57231	9940403	5155317	1	0	282	40038	0
57232	9940403	5155317	5	0	283	40042	0
57233	9940400	5155317	7	0	283	40043	0
57234	9940396	5155317	3	0	283	40043	0
57235	9940395	5155317	1	0	283	40036	0
57236	9940395	5155317	0	0	283	40041	0
57237	9940395	5155317	0	0	283	40031	0
57238	9940395	5155317	0	0	283	40038	0
57239	9940395	5155317	0	297	283	40037	0
57240	9940395	5155317	203	297	283	40038	0
57241	9940398	5155317	557	409	283	40043	0
57242	9940412	5155319	903	650	283	40046	0
57243	9940430	5155322	1035	1048	283	40033	0
57244	9940449	5155324	1046	1293	283	40041	0
57245	9940472	5155327	1276	1460	283	40033	0
57246	9940498	5155330	1413	1606	283	40028	0
57247	9940528	5155334	1555	1710	283	40029	0
57248	9940560	5155337	1546	1724	283	40033	0
57249	9940594	5155341	1492	1753	283	40028	0
57250	9940625	5155344	1501	1854	283	40030	0
57251	9940661	5155348	1687	1942	283	40027	0
57252	9940697	5155352	1902	2072	283	40023	0
57253	9940733	5155356	1937	2157	283	40013	0
57254	9940773	5155361	2046	2187	283	40017	0
57255	9940819	5155366	2153	1943	283	40020	0
57256	9940864	5155371	2205	2237	283	40015	0
57257	9940904	5155376	2207	2291	282	40001	0
57258	9940942	5155381	2163	2305	282	40004	0
57259	9940975	5155387	2257	2318	282	40004	0
57260	9941009	5155393	2303	2308	282	40001	0
57261	9941035	5155398	2296	2258	282	39998	0
57262	9941063	5155403	2144	2221	282	40002	0
57263	9941095	5155408	2070	1944	282	40010	0
57264	9941132	5155413	2014	2176	282	39993	0
57265	9941172	5155417	1981	2201	282	40001	0
57266	9941210	5155423	2111	2219	282	39991	0
57267	9941250	5155427	2140	1955	282	39995	0
57268	9941294	5155433	2248	1910	282	39990	0
57269	9941337	5155438	2248	2254	282	39983	0
57270	9941379	5155443	2246	2311	282	39982	0
57271	9941422	5155448	2200	2343	282	39988	0
57272	9941462	5155454	2229	2349	282	39981	0
57273	9941499	5155459	2222	2341	282	39983	0
57274	9941535	5155464	2177	2313	282	39969	0
57275	9941570	5155469	2183	2270	282	39971	0
57276	9941610	5155475	2216	2235	282	39975	0
57277	9941645	5155480	2153	1954	282	39970	0
57278	9941680	5155486	2164	2217	282	39969	0
57279	9941720	5155492	2200	2264	282	39964	0
57280	9941755	5155497	2120	2292	282	39965	0
57281	9941789	5155502	2203	2304	282	39974	0
57282	9941825	5155507	2298	2325	282	39963	0
57283	9941860	5155513	2302	2317	282	39967	0
57284	9941896	5155519	2305	2318	282	39956	0
57285	9941934	5155524	2218	2329	282	39961	0
57286	9941970	5155529	2213	2337	282	39961	0
57287	9942005	5155535	2263	2051	282	39960	0
57288	9942041	5155541	2422	1975	282	39961	0
57289	9942081	5155546	2355	1962	282	39958	0
57290	9942120	5155551	2292	1943	282	39960	0
57291	9942155	5155557	2342	2316	282	39957	0
57292	9942179	5155563	2353	2377	282	39955	0
57293	9942213	5155568	2396	2090	282	39951	0
57294	9942246	5155574	2392	2019	282	39960	0
57295	9942284	5155579	2398	2014	282	39960	0
57296	9942322	5155585	2479	2029	282	39958	0
57297	9942360	5155591	2511	2264	281	39957	0
57298	9942398	5155596	2524	2452	281	39955	0
57299	9942436	5155602	2516	2475	281	39955	0
57300	9942473	5155608	2513	2480	282	39958	0
57301	9942512	5155614	2481	2178	281	39958	0
57302	9942549	5155620	2485	2468	281	39963	0
57303	9942585	5155625	2585	2382	281	39966	0
57304	9942621	5155631	2548	2532	281	39964	0
57305	9942660	5155637	2616	2531	281	39952	0
57306	9942701	5155644	2694	2510	281	39954	0
57307	9942745	5155649	2639	2465	281	39960	0
57308	9942790	5155655	2450	2463	281	39954	0
57309	9942837	5155660	2513	2164	281	39951	0
57310	9942888	5155666	2476	2258	281	39955	0
57311	9942935	5155671	2365	2415	281	39956	0
57312	9942980	5155676	2290	2441	281	39955	0
57313	9943027	5155681	2342	2440	281	39957	0
57314	9943073	5155686	2348	2443	281	39956	0
57315	9943118	5155692	2350	2449	281	39946	0
57316	9943156	5155697	2309	2453	281	39957	0
57317	9943193	5155702	2394	2453	281	39960	0
57318	9943230	5155708	2383	2442	281	39957	0
57319	9943265	5155713	2318	2404	281	39956	0
57320	9943301	5155719	2198	2368	281	39952	0
57321	9943335	5155724	2253	2301	281	39953	0
57322	9943370	5155729	2377	2219	281	39953	0
57323	9943401	5155734	2248	2164	281	39952	0
57324	9943420	5155739	2139	2136	281	39954	0
57325	9943441	5155744	2074	1987	281	39960	0
57326	9943473	5155748	2005	1922	281	39956	0
57327	9943520	5155752	1846	1930	281	39965	0
57328	9943575	5155755	1703	2014	281	39964	0
57329	9943637	5155755	1564	2155	281	39962	0
57330	9943705	5155755	1666	2275	281	39955	0
57331	9943790	5155752	2190	2331	281	39961	0
57332	9943880	5155751	2320	2388	281	39961	0
57333	9943974	5155750	2357	2408	281	39952	0
57334	9944068	5155749	2366	2394	281	39957	0
57335	9944163	5155748	2276	2410	281	39951	0
57336	9944255	5155748	2274	2386	281	39951	0
57337	9944350	5155748	2272	2345	281	39951	0
57338	9944444	5155748	2277	2333	281	39946	0
57339	9944538	5155748	2248	2328	281	39950	0
57340	9944629	5155748	2140	2343	281	39946	0
57341	9944718	5155748	2196	2331	281	39942	0
57342	9944812	5155748	2229	2343	281	39950	0
57343	9944905	5155748	2118	2361	281	39949	0
57344	9944997	5155748	2202	2391	281	39948	0
57345	9945091	5155748	2244	2416	281	39945	0
57346	9945187	5155748	2289	2408	281	39950	0
57347	9945285	5155748	2348	2364	281	39943	0
57348	9945383	5155748	2337	2293	281	39943	0
57349	9945480	5155748	2277	2284	281	39945	0
57350	9945577	5155747	2270	1989	281	39932	0
57351	9945673	5155747	2281	2212	281	39938	0
57352	9945765	5155747	2246	2221	281	39945	0
57353	9945857	5155746	2246	2214	281	39944	0
57354	9945947	5155747	2190	2195	281	39942	0
57355	9946032	5155747	2074	1822	281	39937	0
57356	9946114	5155747	1976	1982	281	39940	0
57357	9946183	5155747	1789	2016	281	39932	0
57358	9946265	5155747	1989	2075	281	39928	0
57359	9946348	5155745	1990	2108	281	39929	0
57360	9946433	5155745	2066	1865	281	39926	0
57361	9946522	5155744	2077	2077	281	39939	0
57362	9946609	5155744	2074	2071	281	39932	0
57363	9946696	5155743	2109	1785	281	39927	0
57364	9946776	5155742	1929	1957	281	39930	0
57365	9946843	5155743	1644	1633	281	39932	0
57366	9946888	5155744	1227	1759	281	39925	0
57367	9946918	5155747	1514	1821	281	39915	0
57368	9946930	5155751	1798	1681	281	39911	0
57369	9946930	5155756	2076	1931	281	39907	0
57370	9946930	5155761	2018	1749	281	39902	0
57371	9946927	5155766	2020	1951	281	39907	0
57372	9946927	5155771	1937	1735	281	39904	0
57373	9946927	5155776	1924	1967	281	39898	0
57374	9946928	5155781	1922	1989	281	39906	0
57375	9946925	5155785	1926	1964	281	39901	0
57376	9946932	5155789	1705	1629	281	39898	0
57377	9946941	5155794	1705	1755	281	39894	0
57378	9946961	5155798	1813	1694	281	39893	0
57379	9946981	5155802	1548	1581	281	39893	0
57380	9946992	5155804	1144	1459	281	39894	0
57381	9946999	5155805	909	986	281	39895	0
57382	9947005	5155806	587	904	281	39895	0
57383	9947001	5155807	494	836	281	39896	0
57384	9947006	5155809	653	807	281	39894	0
57385	9947005	5155811	746	807	281	39892	0
57386	9947000	5155813	651	755	281	39896	0
57387	9947000	5155815	557	693	281	39887	0
57388	9947003	5155816	524	610	281	39895	0
57389	9947010	5155818	522	610	281	39895	0
57390	9947010	5155819	398	610	281	39894	0
57391	9947010	5155819	18	0	281	39895	0
57392	9947010	5155820	1	601	281	39894	0
57393	9947013	5155820	11	601	281	39894	0
57394	9947017	5155821	11	491	281	39895	0
57395	9947019	5155821	3	491	281	39888	0
57396	9947019	5155821	0	491	281	39899	0
57397	9947019	5155821	0	0	281	39891	0
57398	9947019	5155821	0	0	281	39883	0
57399	9947019	5155821	0	0	281	39885	0
57400	9947019	5155821	0	0	281	39882	0
57401	9947019	5155821	0	0	281	39888	0
57402	9947019	5155821	0	0	281	39891	0
57403	9947019	5155821	0	0	281	39888	0
