#Zeit [s]	longitude [1e6]	Latitude [1e5]	GPSSpeed [1e2 km/h] 	Tacho [1e2 km/h] 	Temperatur [10 C] 	Druck [Pa] 	HoeheSee [10 m]
31045	9941930	5155839	46	0	218	101345	-1779
31046	9941934	5155839	37	0	218	101341	-1775
31047	9941939	5155839	29	0	218	101340	-1775
31048	9941946	5155839	5	0	218	101344	-1778
31049	9941954	5155838	33	0	218	101340	-1775
31050	9941960	5155837	38	0	218	101345	-1779
31051	9941965	5155837	46	0	218	101341	-1775
31052	9941969	5155837	51	199	218	101338	-1773
31053	9941968	5155836	109	478	218	101342	-1776
31054	9941966	5155836	87	478	218	101341	-1775
31055	9941965	5155836	75	483	218	101344	-1778
31056	9941966	5155836	57	483	218	101341	-1775
31057	9941973	5155836	114	483	217	101342	-1776
31058	9941978	5155836	64	11139	217	101341	-1775
31059	9941984	5155836	96	11139	217	101344	-1778
31060	9941990	5155836	153	5759	217	101337	-1772
31061	9941999	5155836	238	3273	217	101340	-1775
31062	9942015	5155835	381	2142	216	101345	-1779
31063	9942036	5155835	546	1357	216	101339	-1774
31064	9942062	5155835	961	1350	216	101334	-1770
31065	9942099	5155834	1301	1407	215	101344	-1778
31066	9942145	5155834	1342	1407	215	101342	-1776
31067	9942197	5155833	1111	957	215	101339	-1774
31068	9942255	5155833	1385	1448	214	101338	-1773
31069	9942315	5155833	1514	1426	214	101341	-1775
31070	9942378	5155833	1601	1590	213	101337	-1772
31071	9942445	5155833	1559	1599	212	101335	-1770
31072	9942512	5155833	1516	1058	212	101343	-1777
31073	9942578	5155832	1481	1312	212	101336	-1771
31074	9942642	5155832	1177	1023	211	101336	-1771
31075	9942699	5155832	1107	1345	211	101333	-1769
31076	9942751	5155834	1083	1315	211	101335	-1770
31077	9942794	5155835	1216	1200	210	101332	-1768
31078	9942831	5155837	977	1097	210	101330	-1766
31079	9942865	5155839	850	1065	209	101337	-1772
31080	9942899	5155839	709	1112	209	101336	-1771
31081	9942930	5155840	887	1315	208	101340	-1775
31082	9942958	5155839	933	1529	208	101331	-1767
31083	9942979	5155837	1263	1671	207	101335	-1770
31084	9942986	5155836	1011	1736	206	101338	-1773
31085	9942987	5155833	1138	1767	206	101337	-1772
31086	9942984	5155831	1126	1555	205	101336	-1771
31087	9942982	5155828	1129	1655	204	101325	-1762
31088	9942982	5155826	1120	1565	204	101332	-1768
31089	9942987	5155823	1094	1486	204	101331	-1767
31090	9942995	5155819	1350	1079	203	101319	-1757
31091	9943005	5155815	1427	1200	203	101322	-1760
31092	9943019	5155811	1420	1210	202	101315	-1754
31093	9943040	5155808	1303	1248	202	101309	-1749
31094	9943069	5155804	1268	1238	201	101315	-1754
31095	9943110	5155802	1257	1201	201	101316	-1755
31096	9943158	5155800	1277	1152	200	101301	-1742
31097	9943209	5155799	1137	1084	200	101311	-1750
31098	9943257	5155798	1016	915	200	101307	-1747
31099	9943297	5155797	629	915	200	101316	-1755
31100	9943331	5155797	305	915	199	101314	-1753
31101	9943356	5155797	161	0	199	101309	-1749
31102	9943372	5155796	74	0	199	101311	-1750
31103	9943382	5155796	98	0	199	101312	-1751
31104	9943388	5155796	53	0	199	101311	-1750
31105	9943394	5155796	59	0	199	101306	-1746
31106	9943396	5155795	44	0	198	101306	-1746
31107	9943398	5155796	122	0	198	101301	-1742
31108	9943399	5155796	135	0	198	101305	-1745
31109	9943401	5155796	88	0	198	101306	-1746
31110	9943405	5155796	109	0	198	101303	-1744
31111	9943409	5155797	40	0	198	101308	-1748
31112	9943412	5155797	59	0	198	101312	-1751
31113	9943413	5155797	51	0	197	101305	-1745
31114	9943416	5155797	75	0	197	101309	-1749
31115	9943417	5155797	40	0	197	101310	-1750
31116	9943419	5155797	68	0	197	101309	-1749
31117	9943419	5155797	29	318	197	101306	-1746
31118	9943419	5155797	140	318	197	101306	-1746
31119	9943420	5155797	277	355	197	101305	-1745
31120	9943425	5155797	475	718	197	101305	-1745
31121	9943439	5155796	650	961	196	101298	-1739
31122	9943462	5155796	937	1134	196	101304	-1745
31123	9943497	5155795	1179	1442	195	101299	-1740
31124	9943543	5155794	1344	1534	194	101296	-1738
31125	9943596	5155793	1351	1637	194	101298	-1739
31126	9943652	5155792	1424	1703	194	101302	-1743
31127	9943706	5155790	1166	1779	194	101301	-1742
31128	9943745	5155787	1268	1652	193	101305	-1745
31129	9943766	5155784	1422	1933	193	101302	-1743
31130	9943743	5155778	1790	1818	193	101305	-1745
31131	9943704	5155771	1974	2136	193	101303	-1744
31132	9943657	5155764	1976	2229	193	101300	-1741
31133	9943608	5155757	2096	2268	192	101302	-1743
31134	9943578	5155752	2109	2011	191	101298	-1739
31135	9943543	5155746	2157	1961	191	101296	-1738
31136	9943508	5155741	2120	1958	190	101289	-1732
31137	9943468	5155735	2194	2005	189	101293	-1735
31138	9943429	5155729	2187	2031	189	101301	-1742
31139	9943392	5155724	2137	2257	188	101298	-1739
31140	9943356	5155718	2302	2440	187	101302	-1743
31141	9943322	5155713	2290	2456	187	101305	-1745
31142	9943291	5155707	2064	2470	186	101299	-1740
31143	9943254	5155701	2066	2483	185	101301	-1742
31144	9943210	5155695	2111	2510	185	101301	-1742
31145	9943158	5155690	2144	2525	184	101299	-1740
31146	9943103	5155684	2233	2398	183	101299	-1740
31147	9943048	5155679	2290	2555	183	101305	-1745
31148	9942995	5155674	2327	2583	182	101306	-1746
31149	9942945	5155668	2411	2593	182	101307	-1747
31150	9942901	5155662	2359	2472	181	101298	-1739
31151	9942860	5155657	2305	2624	180	101307	-1747
31152	9942820	5155650	2315	2637	179	101302	-1743
31153	9942782	5155645	2209	2460	179	101305	-1745
31154	9942747	5155639	2220	2582	178	101310	-1750
31155	9942705	5155633	2209	2576	178	101312	-1751
31156	9942666	5155627	2248	2401	178	101312	-1751
31157	9942625	5155621	2239	2543	178	101306	-1746
31158	9942584	5155616	2285	2558	177	101306	-1746
31159	9942548	5155610	2320	2533	176	101302	-1743
31160	9942513	5155604	2250	2511	175	101307	-1747
31161	9942482	5155599	2011	2348	174	101301	-1742
31162	9942450	5155593	2200	2461	173	101307	-1747
31163	9942419	5155587	2416	2475	172	101301	-1742
31164	9942387	5155582	2340	2489	172	101310	-1750
31165	9942352	5155576	2146	2507	171	101306	-1746
31166	9942315	5155571	1968	2520	171	101310	-1750
31167	9942280	5155565	2020	2400	170	101313	-1752
31168	9942245	5155559	2013	2552	169	101316	-1755
31169	9942217	5155554	2003	2583	169	101317	-1755
31170	9942193	5155548	1990	2608	168	101317	-1755
31171	9942167	5155542	2133	2480	166	101321	-1759
31172	9942141	5155536	2194	2651	166	101320	-1758
31173	9942109	5155531	2305	2689	165	101330	-1766
31174	9942073	5155525	2315	2532	164	101323	-1760
31175	9942035	5155519	2231	2691	164	101328	-1765
31176	9941994	5155513	2402	2583	163	101330	-1766
31177	9941957	5155507	2346	2736	162	101330	-1766
31178	9941917	5155501	2350	2579	161	101328	-1765
31179	9941878	5155495	2365	2737	161	101342	-1776
31180	9941835	5155489	2465	2591	160	101334	-1770
31181	9941793	5155482	2468	2749	159	101335	-1770
31182	9941750	5155476	2481	2609	158	101342	-1776
31183	9941706	5155470	2439	2772	158	101346	-1780
31184	9941662	5155464	2452	2641	157	101343	-1777
31185	9941617	5155458	2459	2790	156	101348	-1781
31186	9941572	5155452	2472	2629	155	101359	-1790
31187	9941526	5155446	2459	2792	155	101355	-1787
31188	9941483	5155440	2270	2780	154	101350	-1783
31189	9941437	5155434	2277	2764	153	101368	-1798
31190	9941393	5155428	2290	2758	153	101372	-1801
31191	9941349	5155422	2352	2734	152	101368	-1798
31192	9941308	5155416	2363	2665	151	101369	-1799
31193	9941271	5155410	2270	2598	151	101375	-1804
31194	9941235	5155404	2026	2592	151	101374	-1803
31195	9941204	5155398	1898	2394	150	101379	-1807
31196	9941170	5155393	1792	2371	149	101383	-1811
31197	9941130	5155388	1744	2214	149	101378	-1806
31198	9941087	5155383	1451	1692	148	101384	-1811
31199	9941042	5155378	1216	1597	148	101386	-1813
31200	9941007	5155374	918	1507	148	101388	-1815
31201	9940980	5155370	690	1039	148	101385	-1812
31202	9940963	5155367	588	1039	148	101393	-1819
31203	9940949	5155365	331	1039	148	101402	-1826
31204	9940939	5155363	7	0	148	101396	-1821
31205	9940930	5155362	9	0	148	101390	-1816
31206	9940921	5155361	12	0	148	101387	-1814
31207	9940916	5155361	11	0	148	101383	-1811
31208	9940916	5155362	0	0	148	101391	-1817
31209	9940914	5155362	0	0	148	101388	-1815
31210	9940917	5155362	0	0	148	101386	-1813
31211	9940918	5155362	11	0	148	101404	-1828
31212	9940920	5155362	9	0	148	101393	-1819
31213	9940922	5155362	9	0	148	101392	-1818
31214	9940925	5155362	7	0	148	101395	-1821
31215	9940928	5155362	0	0	148	101392	-1818
31216	9940928	5155362	0	0	148	101395	-1821
31217	9940930	5155362	0	0	148	101392	-1818
31218	9940930	5155362	0	0	148	101390	-1816
31219	9940930	5155362	0	0	148	101393	-1819
31220	9940930	5155362	0	0	148	101393	-1819
31221	9940930	5155362	0	0	148	101386	-1813
31222	9940930	5155362	0	0	148	101389	-1816
31223	9940930	5155362	0	0	148	101392	-1818
31224	9940930	5155362	0	0	147	101390	-1816
31225	9940930	5155362	0	0	147	101391	-1817
31226	9940930	5155362	0	0	147	101389	-1816
31227	9940930	5155362	0	0	147	101387	-1814
31228	9940930	5155362	0	0	147	101394	-1820
31229	9940930	5155362	0	0	147	101391	-1817
31230	9940930	5155362	0	0	147	101394	-1820
31231	9940930	5155362	0	0	147	101393	-1819
31232	9940930	5155362	0	0	147	101389	-1816
31233	9940930	5155362	0	0	147	101398	-1823
31234	9940930	5155362	0	160	147	101395	-1821
31235	9940930	5155362	0	434	147	101391	-1817
31236	9940929	5155362	329	1100	147	101389	-1816
31237	9940928	5155362	498	1521	147	101391	-1817
31238	9940912	5155360	988	1781	147	101391	-1817
31239	9940884	5155358	1442	1774	146	101398	-1823
31240	9940845	5155354	1646	2261	146	101398	-1823
31241	9940798	5155349	1909	2412	145	101390	-1816
31242	9940754	5155343	1972	2464	144	101397	-1822
31243	9940710	5155338	1985	2178	144	101407	-1831
31244	9940662	5155332	1922	2327	143	101405	-1829
31245	9940612	5155326	2092	2559	143	101405	-1829
31246	9940562	5155320	2153	2631	142	101409	-1832
31247	9940516	5155314	2287	2529	142	101418	-1840
31248	9940474	5155309	2294	2695	141	101418	-1840
31249	9940426	5155303	2359	2696	141	101414	-1836
31250	9940380	5155297	2255	2692	140	101419	-1841
31251	9940334	5155291	2263	2693	140	101416	-1838
31252	9940289	5155285	2324	2565	139	101427	-1847
31253	9940253	5155279	2439	2739	139	101419	-1841
31254	9940216	5155272	2427	2609	138	101427	-1847
31255	9940172	5155265	2420	2787	138	101419	-1841
31256	9940123	5155258	2431	2653	138	101421	-1842
31257	9940061	5155252	2596	2862	137	101430	-1850
31258	9939999	5155245	2594	2884	137	101422	-1843
31259	9939936	5155239	2583	2727	136	101428	-1848
31260	9939849	5155231	2735	2916	135	101429	-1849
31261	9939762	5155224	2676	2930	135	101436	-1855
31262	9939675	5155216	2772	2748	134	101426	-1847
31263	9939585	5155208	2722	2912	133	101438	-1856
31264	9939524	5155201	2665	2905	133	101442	-1860
31265	9939472	5155194	2720	2704	132	101439	-1857
31266	9939426	5155187	2465	2845	131	101432	-1851
31267	9939386	5155180	2566	2836	131	101442	-1860
31268	9939349	5155173	2670	2657	130	101447	-1864
31269	9939314	5155166	2663	2799	130	101446	-1863
31270	9939279	5155160	2655	2640	129	101460	-1875
31271	9939249	5155153	2650	2793	129	101446	-1863
31272	9939219	5155147	2607	2780	128	101449	-1866
31273	9939188	5155140	2515	2753	127	101449	-1866
31274	9939156	5155133	2526	2727	127	101454	-1870
31275	9939116	5155125	2661	2680	127	101454	-1870
31276	9939076	5155118	2500	2472	126	101449	-1866
31277	9939039	5155111	2352	2595	125	101452	-1868
31278	9939006	5155104	2064	2549	125	101462	-1877
31279	9938985	5155098	2237	2484	125	101455	-1871
31280	9938965	5155092	2163	2121	124	101451	-1867
31281	9938945	5155086	2061	1991	124	101453	-1869
31282	9938929	5155081	2018	1861	123	101455	-1871
31283	9938912	5155076	2013	1960	122	101450	-1867
31284	9938908	5155071	1813	1855	121	101454	-1870
31285	9938895	5155066	1577	1654	121	101459	-1874
31286	9938886	5155063	1448	1459	121	101457	-1872
31287	9938874	5155058	1142	1203	121	101461	-1876
31288	9938855	5155055	772	1203	121	101459	-1874
31289	9938848	5155052	27	1203	121	101465	-1879
31290	9938842	5155049	20	0	120	101460	-1875
31291	9938838	5155047	18	0	120	101465	-1879
31292	9938837	5155047	14	0	120	101462	-1877
31293	9938835	5155047	12	0	120	101458	-1873
31294	9938834	5155046	0	269	120	101464	-1878
31295	9938832	5155046	0	269	120	101463	-1877
31296	9938829	5155046	24	269	119	101461	-1876
31297	9938829	5155046	37	0	119	101464	-1878
31298	9938829	5155045	53	557	119	101461	-1876
31299	9938828	5155044	963	1150	119	101463	-1877
31300	9938826	5155042	1198	1354	119	101467	-1881
31301	9938824	5155039	1318	1498	119	101471	-1884
31302	9938824	5155036	1490	1617	119	101465	-1879
31303	9938821	5155032	1576	1705	118	101467	-1881
31304	9938819	5155028	1529	1657	118	101474	-1887
31305	9938818	5155024	1401	1667	118	101465	-1879
31306	9938818	5155020	1620	1743	118	101473	-1886
31307	9938821	5155016	1770	1591	118	101473	-1886
31308	9938825	5155011	1764	1804	117	101472	-1885
31309	9938829	5155007	1848	1876	117	101476	-1888
31310	9938836	5155002	1900	1637	117	101467	-1881
31311	9938844	5154997	1859	1780	117	101470	-1883
31312	9938853	5154993	1776	1842	116	101469	-1882
31313	9938864	5154988	1814	1614	116	101476	-1888
31314	9938876	5154983	1846	1814	115	101471	-1884
31315	9938894	5154979	1887	1968	115	101474	-1887
31316	9938918	5154973	2020	2032	115	101479	-1891
31317	9938945	5154969	2033	2076	114	101472	-1885
31318	9938972	5154963	2107	2134	114	101477	-1889
31319	9938994	5154958	2014	2124	114	101479	-1891
31320	9939012	5154954	2002	2087	114	101474	-1887
31321	9939022	5154948	2007	2048	113	101478	-1890
31322	9939030	5154943	2020	1747	113	101481	-1892
31323	9939023	5154938	1909	1897	113	101480	-1892
31324	9939013	5154933	1859	1682	113	101475	-1887
31325	9939003	5154928	1909	1844	112	101487	-1897
31326	9938995	5154923	1903	1976	112	101471	-1884
31327	9938997	5154918	1916	2102	112	101480	-1892
31328	9938997	5154913	2194	1996	111	101474	-1887
31329	9938997	5154909	2163	2266	111	101476	-1888
31330	9938999	5154904	2090	2484	110	101476	-1888
31331	9938999	5154898	2361	2523	110	101474	-1887
31332	9939006	5154892	2413	2540	109	101478	-1890
31333	9939016	5154887	2483	2560	109	101477	-1889
31334	9939026	5154880	2498	2417	108	101472	-1885
31335	9939037	5154875	2537	2538	108	101482	-1893
31336	9939049	5154868	2394	2526	107	101478	-1890
31337	9939056	5154862	2233	2503	107	101481	-1892
31338	9939063	5154855	2235	2478	106	101485	-1896
31339	9939069	5154850	2390	2177	106	101483	-1894
31340	9939075	5154844	2609	2276	105	101479	-1891
31341	9939085	5154838	2616	2447	105	101477	-1889
31342	9939100	5154832	2396	2471	104	101481	-1892
31343	9939117	5154826	2507	2484	104	101479	-1891
31344	9939137	5154819	2537	2469	103	101476	-1888
31345	9939159	5154813	2463	2442	103	101467	-1881
31346	9939179	5154807	2448	2387	102	101480	-1892
31347	9939199	5154801	2290	2352	101	101471	-1884
31348	9939220	5154794	2370	2367	101	101481	-1892
31349	9939241	5154789	2324	2372	100	101481	-1892
31350	9939265	5154783	2390	2369	100	101482	-1893
31351	9939293	5154777	2331	2403	100	101482	-1893
31352	9939317	5154772	2322	2446	100	101479	-1891
31353	9939341	5154765	2279	2494	100	101487	-1897
31354	9939362	5154760	2472	2165	99	101486	-1897
31355	9939379	5154754	2461	2250	99	101475	-1887
31356	9939398	5154748	2507	2407	99	101492	-1902
31357	9939417	5154741	2476	2470	98	101484	-1895
31358	9939439	5154735	2433	2488	98	101489	-1899
31359	9939465	5154729	2439	2510	97	101483	-1894
31360	9939490	5154723	2426	2543	97	101485	-1896
31361	9939515	5154717	2463	2548	97	101483	-1894
31362	9939539	5154711	2455	2380	96	101488	-1898
31363	9939561	5154705	2468	2492	96	101492	-1902
31364	9939581	5154699	2368	2503	95	101484	-1895
31365	9939602	5154693	2485	2501	95	101493	-1902
31366	9939621	5154686	2539	2448	95	101484	-1895
31367	9939640	5154680	2496	2445	94	101482	-1893
31368	9939657	5154674	2500	2100	94	101482	-1893
31369	9939674	5154667	2440	2052	93	101482	-1893
31370	9939692	5154661	2477	2262	93	101485	-1896
31371	9939710	5154655	2353	2445	93	101490	-1900
31372	9939733	5154649	2346	2471	92	101489	-1899
31373	9939753	5154644	2446	2469	92	101490	-1900
31374	9939775	5154638	2518	2467	92	101492	-1902
31375	9939795	5154632	2476	2443	92	101491	-1901
31376	9939816	5154627	2465	2422	91	101493	-1902
31377	9939842	5154621	2407	2439	91	101488	-1898
31378	9939868	5154616	2377	2452	90	101496	-1905
31379	9939896	5154611	2379	2167	90	101500	-1908
31380	9939924	5154605	2381	2285	90	101496	-1905
31381	9939951	5154599	2389	2447	90	101504	-1912
31382	9939978	5154593	2398	2500	89	101500	-1908
31383	9940002	5154587	2492	2487	89	101502	-1910
31384	9940025	5154581	2522	2483	89	101503	-1911
31385	9940047	5154575	2455	2481	89	101506	-1913
31386	9940069	5154569	2392	2124	88	101494	-1903
31387	9940091	5154563	2392	1965	88	101510	-1917
31388	9940113	5154558	2322	2196	88	101504	-1912
31389	9940135	5154552	2202	2219	87	101502	-1910
31390	9940159	5154546	2166	2250	87	101494	-1903
31391	9940182	5154540	2163	2311	87	101499	-1907
31392	9940207	5154535	2274	2299	87	101495	-1904
31393	9940229	5154529	2309	2266	87	101501	-1909
31394	9940248	5154524	2253	1946	86	101506	-1913
31395	9940269	5154518	2163	2078	86	101508	-1915
31396	9940289	5154513	2059	1958	85	101481	-1892
31397	9940310	5154508	1868	1759	86	101505	-1912
31398	9940335	5154503	1561	1472	86	101506	-1913
31399	9940358	5154499	1196	1307	86	101512	-1918
31400	9940379	5154496	1044	1150	86	101515	-1921
31401	9940395	5154492	779	963	86	101509	-1916
31402	9940405	5154490	583	963	86	101511	-1917
31403	9940409	5154488	362	963	86	101512	-1918
31404	9940408	5154486	20	0	87	101515	-1921
31405	9940405	5154485	12	0	86	101505	-1912
31406	9940401	5154484	9	0	87	101512	-1918
31407	9940398	5154484	7	0	87	101512	-1918
31408	9940395	5154484	0	0	87	101509	-1916
31409	9940394	5154484	0	0	87	101515	-1921
31410	9940393	5154484	7	0	87	101519	-1924
31411	9940393	5154484	9	0	87	101513	-1919
31412	9940392	5154484	1	0	87	101512	-1918
31413	9940390	5154484	9	0	87	101509	-1916
31414	9940389	5154484	144	0	87	101519	-1924
31415	9940390	5154484	131	0	87	101513	-1919
31416	9940392	5154484	77	0	87	101514	-1920
31417	9940396	5154484	44	0	87	101522	-1927
31418	9940400	5154484	22	0	87	101517	-1922
31419	9940402	5154484	16	0	87	101515	-1921
31420	9940403	5154484	3	0	88	101523	-1927
31421	9940404	5154484	53	0	88	101526	-1930
31422	9940405	5154484	120	0	88	101520	-1925
31423	9940404	5154484	209	0	88	101513	-1919
31424	9940403	5154484	212	0	88	101516	-1922
31425	9940399	5154483	179	0	88	101515	-1921
31426	9940396	5154483	135	0	88	101524	-1928
31427	9940392	5154482	55	0	88	101523	-1927
31428	9940388	5154482	55	0	88	101510	-1917
31429	9940387	5154482	35	319	88	101518	-1923
31430	9940387	5154482	25	319	88	101515	-1921
31431	9940388	5154482	94	346	88	101519	-1924
31432	9940388	5154482	305	660	88	101515	-1921
31433	9940387	5154481	577	1081	89	101524	-1928
31434	9940387	5154480	1107	1386	89	101516	-1922
31435	9940388	5154479	1474	1629	89	101515	-1921
31436	9940394	5154476	1731	1714	89	101507	-1914
31437	9940406	5154472	1516	1684	89	101517	-1922
31438	9940420	5154468	1748	1747	89	101508	-1915
31439	9940432	5154464	1687	1890	89	101505	-1912
31440	9940440	5154460	1787	1974	89	101509	-1916
31441	9940445	5154455	2037	1791	89	101510	-1917
31442	9940453	5154450	2240	1964	89	101509	-1916
31443	9940466	5154445	2289	1796	89	101506	-1913
31444	9940484	5154441	2290	2032	88	101498	-1907
31445	9940506	5154435	2137	2127	88	101503	-1911
31446	9940530	5154430	2172	2136	88	101507	-1914
31447	9940555	5154425	2292	2195	88	101507	-1914
31448	9940581	5154420	2068	2182	88	101497	-1906
31449	9940611	5154415	1898	1923	88	101496	-1905
31450	9940636	5154411	2027	2187	87	101498	-1907
31451	9940654	5154406	1985	2248	87	101487	-1897
31452	9940668	5154401	2131	2291	87	101487	-1897
31453	9940680	5154396	2127	2307	87	101487	-1897
31454	9940697	5154390	2083	2294	86	101490	-1900
31455	9940716	5154385	2305	2315	86	101487	-1897
31456	9940737	5154380	2307	2311	86	101493	-1902
31457	9940760	5154374	2318	2066	85	101482	-1893
31458	9940781	5154369	2285	1979	85	101493	-1902
31459	9940804	5154363	2242	1934	85	101486	-1897
31460	9940829	5154358	2296	1956	85	101492	-1902
31461	9940859	5154353	2239	2272	85	101488	-1898
31462	9940890	5154348	2063	2301	85	101480	-1892
31463	9940924	5154342	2168	2296	84	101480	-1892
31464	9940956	5154337	2365	2340	84	101476	-1888
31465	9940987	5154332	2361	2319	84	101480	-1892
31466	9941021	5154327	2415	2305	83	101477	-1889
31467	9941058	5154321	2548	2328	83	101475	-1887
31468	9941098	5154316	2442	2365	83	101479	-1891
31469	9941138	5154310	2335	2390	83	101478	-1890
31470	9941172	5154304	2253	2398	82	101465	-1879
31471	9941194	5154298	2348	2370	82	101475	-1887
31472	9941213	5154292	2444	2357	82	101471	-1884
31473	9941231	5154286	2400	2379	81	101471	-1884
31474	9941252	5154280	2390	2349	81	101475	-1887
31475	9941277	5154274	2305	2355	81	101478	-1890
31476	9941300	5154268	2127	2380	81	101469	-1882
31477	9941322	5154262	2063	2401	80	101464	-1878
31478	9941339	5154257	2009	2382	80	101460	-1875
31479	9941357	5154252	2185	2373	80	101468	-1882
31480	9941371	5154247	2337	2380	80	101465	-1879
31481	9941389	5154242	2298	2373	80	101461	-1876
31482	9941411	5154236	2352	2394	79	101462	-1877
31483	9941432	5154231	2220	2419	79	101466	-1880
31484	9941455	5154225	2140	2413	79	101467	-1881
31485	9941473	5154220	2387	2380	79	101465	-1879
31486	9941492	5154214	2379	2373	78	101468	-1882
31487	9941513	5154208	2279	2357	78	101460	-1875
31488	9941532	5154202	2277	2390	78	101463	-1877
31489	9941554	5154197	2322	2390	77	101460	-1875
31490	9941575	5154191	2307	2403	77	101463	-1877
31491	9941594	5154185	2220	2372	77	101469	-1882
31492	9941613	5154180	2172	2391	77	101461	-1876
31493	9941631	5154173	2300	2385	77	101467	-1881
31494	9941651	5154167	2416	2439	76	101474	-1887
31495	9941672	5154162	2553	2389	76	101463	-1877
31496	9941696	5154155	2427	2358	76	101461	-1876
31497	9941720	5154149	2368	2380	75	101456	-1871
31498	9941740	5154142	2372	2359	75	101460	-1875
31499	9941758	5154136	2370	2363	75	101462	-1877
31500	9941774	5154130	2418	2378	75	101452	-1868
31501	9941790	5154123	2350	2100	75	101465	-1879
31502	9941806	5154117	2403	2385	74	101463	-1877
31503	9941821	5154111	2415	2441	74	101464	-1878
31504	9941836	5154105	2513	2497	74	101467	-1881
31505	9941851	5154099	2433	2447	73	101457	-1872
31506	9941868	5154093	2365	2139	73	101465	-1879
31507	9941887	5154087	2272	2257	73	101464	-1878
31508	9941908	5154081	2240	2393	73	101460	-1875
31509	9941932	5154075	2376	2421	73	101467	-1881
31510	9941956	5154070	2311	2457	73	101473	-1886
31511	9941978	5154065	2372	2473	73	101457	-1872
31512	9941999	5154059	2335	2379	72	101469	-1882
31513	9942020	5154053	2274	2316	72	101461	-1876
31514	9942039	5154047	2344	2311	72	101461	-1876
31515	9942057	5154042	2313	2232	71	101459	-1874
31516	9942070	5154036	2153	1898	71	101462	-1877
31517	9942082	5154030	2016	2058	71	101459	-1874
31518	9942095	5154025	2007	2052	71	101462	-1877
31519	9942109	5154020	2011	1986	70	101459	-1874
31520	9942126	5154015	1894	1910	70	101444	-1862
31521	9942143	5154010	1950	1869	70	101451	-1867
31522	9942163	5154006	1940	1548	70	101454	-1870
31523	9942182	5154001	1670	1587	70	101452	-1868
31524	9942198	5153996	1440	1520	69	101452	-1868
31525	9942217	5153992	1137	1081	70	101452	-1868
31526	9942227	5153988	1033	1032	70	101456	-1871
31527	9942236	5153986	731	848	70	101456	-1871
31528	9942228	5153983	781	848	70	101456	-1871
31529	9942219	5153980	642	848	70	101457	-1872
31530	9942210	5153978	542	0	70	101453	-1869
31531	9942202	5153977	29	0	70	101458	-1873
31532	9942204	5153976	22	0	70	101456	-1871
31533	9942205	5153976	18	0	70	101455	-1871
31534	9942205	5153976	18	0	70	101456	-1871
31535	9942204	5153976	12	0	70	101454	-1870
31536	9942202	5153976	9	0	70	101453	-1869
31537	9942198	5153976	5	0	70	101455	-1871
31538	9942194	5153976	3	0	70	101462	-1877
31539	9942191	5153976	1	0	70	101447	-1864
31540	9942190	5153976	5	471	70	101449	-1866
31541	9942189	5153976	327	624	70	101448	-1865
31542	9942191	5153976	440	782	70	101448	-1865
31543	9942198	5153975	557	853	70	101441	-1859
31544	9942207	5153974	961	1064	70	101440	-1858
31545	9942218	5153972	1083	1144	70	101449	-1866
31546	9942231	5153970	1150	876	71	101451	-1867
31547	9942244	5153968	1059	1005	71	101450	-1867
31548	9942259	5153965	1155	1178	71	101451	-1867
31549	9942276	5153962	740	1215	71	101442	-1860
31550	9942290	5153960	1053	1215	71	101445	-1862
31551	9942300	5153957	1381	1158	71	101450	-1867
31552	9942307	5153954	1353	1389	71	101446	-1863
31553	9942312	5153951	1357	1581	71	101436	-1855
31554	9942320	5153948	1529	1777	71	101437	-1856
31555	9942331	5153944	1763	1720	70	101439	-1857
31556	9942343	5153940	1974	2149	70	101444	-1862
31557	9942353	5153935	1985	2269	70	101439	-1857
31558	9942361	5153930	2213	2306	70	101450	-1867
31559	9942368	5153925	2168	2282	70	101437	-1856
31560	9942375	5153919	2213	1907	70	101451	-1867
31561	9942377	5153913	2046	1822	70	101448	-1865
31562	9942379	5153908	1896	2140	70	101443	-1861
31563	9942378	5153902	2013	2157	70	101442	-1860
31564	9942377	5153896	2177	1868	70	101448	-1865
31565	9942377	5153890	2126	2037	70	101445	-1862
31566	9942379	5153885	2052	2074	69	101442	-1860
31567	9942383	5153879	2129	1876	69	101443	-1861
31568	9942389	5153873	2213	2162	69	101438	-1856
31569	9942396	5153867	2205	2207	69	101431	-1851
31570	9942406	5153862	2176	2251	69	101424	-1845
31571	9942419	5153856	2168	2237	68	101431	-1851
31572	9942432	5153851	2122	1990	68	101436	-1855
31573	9942445	5153846	2218	2245	68	101435	-1854
31574	9942457	5153840	2163	2238	68	101438	-1856
31575	9942471	5153835	2194	2246	68	101434	-1853
31576	9942486	5153829	2102	2268	68	101434	-1853
31577	9942501	5153824	2205	2275	67	101440	-1858
31578	9942517	5153819	2305	2011	68	101443	-1861
31579	9942529	5153814	2313	1904	67	101444	-1862
31580	9942540	5153808	2124	2139	67	101446	-1863
31581	9942551	5153803	1966	2157	67	101443	-1861
31582	9942558	5153798	2083	2212	67	101435	-1854
31583	9942564	5153792	2174	1930	66	101439	-1857
31584	9942563	5153786	2170	2151	66	101442	-1860
31585	9942556	5153780	2037	2180	66	101433	-1852
31586	9942544	5153775	1998	2168	66	101446	-1863
31587	9942528	5153769	2083	1919	66	101438	-1856
31588	9942500	5153764	2150	2153	65	101443	-1861
31589	9942467	5153759	2140	2175	65	101453	-1869
31590	9942427	5153753	2248	2198	65	101446	-1863
31591	9942379	5153748	2129	1944	65	101448	-1865
31592	9942332	5153742	2209	2170	65	101447	-1864
31593	9942291	5153736	2205	2145	64	101451	-1867
31594	9942249	5153731	2118	2109	64	101459	-1874
31595	9942208	5153725	2111	1814	64	101463	-1877
31596	9942169	5153721	1983	2020	64	101458	-1873
31597	9942122	5153716	1942	2067	64	101455	-1871
31598	9942080	5153712	1976	2060	64	101459	-1874
31599	9942042	5153708	2103	2073	64	101463	-1877
31600	9942011	5153703	2200	1806	64	101456	-1871
31601	9941988	5153698	2107	2006	64	101464	-1878
31602	9941971	5153694	2072	2037	64	101463	-1877
31603	9941962	5153688	2018	2111	63	101463	-1877
31604	9941956	5153684	2064	2147	63	101469	-1882
31605	9941950	5153679	2139	2110	63	101472	-1885
31606	9941945	5153673	2042	2067	63	101469	-1882
31607	9941942	5153668	2029	2038	63	101466	-1880
31608	9941936	5153663	2096	1759	62	101466	-1880
31609	9941933	5153658	2127	1905	62	101468	-1882
31610	9941925	5153653	1931	1850	62	101474	-1887
31611	9941914	5153648	1807	1867	62	101470	-1883
31612	9941900	5153644	1809	1874	62	101474	-1887
31613	9941887	5153639	1859	1642	62	101475	-1887
31614	9941876	5153634	1890	1803	62	101466	-1880
31615	9941868	5153630	1879	1812	62	101474	-1887
31616	9941863	5153626	1750	1783	62	101469	-1882
31617	9941859	5153622	1690	1773	62	101464	-1878
31618	9941858	5153617	1742	1768	62	101467	-1881
31619	9941860	5153613	1633	1736	62	101478	-1890
31620	9941864	5153609	1624	1703	61	101465	-1879
31621	9941872	5153605	1705	1277	61	101470	-1883
31622	9941882	5153602	1646	1392	61	101469	-1882
31623	9941894	5153598	1751	1618	61	101460	-1875
31624	9941903	5153594	1740	1657	61	101463	-1877
31625	9941910	5153589	1672	1656	61	101464	-1878
31626	9941914	5153585	1755	1650	61	101462	-1877
31627	9941917	5153581	1624	1647	61	101464	-1878
31628	9941923	5153577	1676	1646	61	101460	-1875
31629	9941930	5153573	1689	1618	61	101456	-1871
31630	9941936	5153569	1629	1597	61	101456	-1871
31631	9941942	5153565	1627	1583	61	101458	-1873
31632	9941949	5153561	1627	1572	61	101453	-1869
31633	9941954	5153557	1457	1557	61	101449	-1866
31634	9941959	5153554	1377	1553	60	101448	-1865
31635	9941960	5153550	1348	1556	60	101439	-1857
31636	9941963	5153547	1346	1354	60	101441	-1859
31637	9941968	5153544	1285	1509	60	101445	-1862
31638	9941975	5153540	1153	1550	60	101433	-1852
31639	9941980	5153537	1294	1580	60	101435	-1854
31640	9941986	5153534	1403	1550	60	101433	-1852
31641	9941988	5153531	1327	1145	60	101431	-1851
31642	9941987	5153527	1272	1145	60	101430	-1850
31643	9941984	5153524	1151	824	60	101431	-1851
31644	9941982	5153521	1288	1317	60	101430	-1850
31645	9941980	5153518	1281	1393	60	101424	-1845
31646	9941981	5153515	1285	1357	59	101418	-1840
31647	9941982	5153512	1287	1323	59	101414	-1836
31648	9941987	5153508	1218	1312	59	101415	-1837
31649	9941993	5153505	1166	1255	59	101410	-1833
31650	9942001	5153502	948	1190	59	101411	-1834
31651	9942008	5153499	866	1166	59	101415	-1837
31652	9942015	5153496	996	1121	59	101413	-1836
31653	9942021	5153492	805	1015	59	101418	-1840
31654	9942025	5153488	816	900	59	101411	-1834
31655	9942026	5153483	951	713	59	101413	-1836
31656	9942027	5153480	1153	922	59	101406	-1830
31657	9942026	5153478	1072	1110	60	101417	-1839
31658	9942025	5153475	1248	1292	60	101415	-1837
31659	9942024	5153473	1355	1378	60	101412	-1835
31660	9942021	5153470	1420	1071	60	101412	-1835
31661	9942019	5153467	1509	1435	60	101414	-1836
31662	9942018	5153463	1601	1543	60	101409	-1832
31663	9942019	5153459	1603	1574	60	101415	-1837
31664	9942022	5153454	1607	1537	60	101415	-1837
31665	9942021	5153451	1448	1146	60	101416	-1838
31666	9942020	5153446	1439	958	60	101412	-1835
31667	9942016	5153442	1520	1391	60	101410	-1833
31668	9942011	5153438	1555	1463	60	101407	-1831
31669	9942007	5153434	1564	1325	60	101411	-1834
31670	9942005	5153430	1600	1414	60	101406	-1830
31671	9942007	5153426	1544	1088	60	101405	-1829
31672	9942008	5153422	1366	1088	59	101407	-1831
31673	9942011	5153418	1448	1088	59	101405	-1829
31674	9942014	5153415	1500	2225	59	101404	-1828
31675	9942019	5153411	1468	1719	59	101408	-1831
31676	9942025	5153408	1477	1618	59	101397	-1822
31677	9942032	5153404	1572	1599	59	101407	-1831
31678	9942038	5153400	1603	1572	59	101412	-1835
31679	9942041	5153396	1563	1457	59	101408	-1831
31680	9942041	5153393	1459	1439	59	101403	-1827
31681	9942036	5153389	1463	1439	59	101412	-1835
31682	9942022	5153385	1203	964	59	101408	-1831
31683	9942003	5153382	1338	856	59	101413	-1836
31684	9941978	5153378	1331	1397	59	101421	-1842
31685	9941947	5153377	1177	1606	59	101427	-1847
31686	9941912	5153374	1187	1502	59	101426	-1847
31687	9941873	5153372	1235	1762	58	101423	-1844
31688	9941831	5153371	1248	1865	58	101434	-1853
31689	9941786	5153369	1392	1659	58	101432	-1851
31690	9941740	5153367	1401	1811	58	101425	-1846
31691	9941693	5153365	1455	1834	58	101426	-1847
31692	9941647	5153363	1418	1615	58	101437	-1856
31693	9941599	5153360	1431	1801	57	101431	-1851
31694	9941549	5153359	1361	1879	57	101438	-1856
31695	9941502	5153358	1314	1699	57	101433	-1852
31696	9941455	5153357	1272	2001	57	101444	-1862
31697	9941408	5153357	1274	2047	57	101453	-1869
31698	9941360	5153357	1490	2010	57	101459	-1874
31699	9941307	5153357	1490	1939	57	101454	-1870
31700	9941250	5153357	1522	1875	57	101459	-1874
31701	9941181	5153355	1527	1687	57	101458	-1873
31702	9941114	5153353	1570	1905	57	101464	-1878
31703	9941046	5153350	1520	1736	56	101461	-1876
31704	9940982	5153347	1394	2078	56	101466	-1880
31705	9940928	5153344	1526	2093	56	101467	-1881
31706	9940877	5153341	1513	2139	56	101472	-1885
31707	9940830	5153338	1607	2080	56	101469	-1882
31708	9940779	5153334	1809	1992	56	101477	-1889
31709	9940719	5153331	1868	1954	55	101475	-1887
31710	9940656	5153327	1729	1691	55	101476	-1888
31711	9940588	5153324	1774	1864	55	101475	-1887
31712	9940523	5153320	1729	1848	55	101478	-1890
31713	9940463	5153318	1674	1792	55	101484	-1895
31714	9940407	5153315	1663	1740	55	101485	-1896
31715	9940354	5153311	1570	1280	55	101493	-1902
31716	9940306	5153308	1557	1225	55	101489	-1899
31717	9940254	5153304	1435	1158	55	101494	-1903
31718	9940207	5153301	1424	1005	55	101495	-1904
31719	9940163	5153298	1394	1005	55	101502	-1910
31720	9940121	5153294	1209	1005	55	101496	-1905
31721	9940088	5153291	977	1202	55	101494	-1903
31722	9940058	5153289	866	989	55	101498	-1907
31723	9940032	5153287	911	957	55	101494	-1903
31724	9940008	5153286	809	1093	55	101491	-1901
31725	9939985	5153285	820	1192	55	101502	-1910
31726	9939960	5153283	926	1400	55	101498	-1907
31727	9939931	5153282	1090	1502	55	101498	-1907
31728	9939896	5153280	1329	1560	55	101490	-1900
31729	9939858	5153278	1190	1611	55	101501	-1909
31730	9939825	5153277	1429	1637	55	101499	-1907
31731	9939795	5153275	1466	1652	55	101502	-1910
31732	9939774	5153272	1474	1664	55	101506	-1913
31733	9939752	5153269	1553	1693	55	101506	-1913
31734	9939729	5153266	1568	1564	54	101503	-1911
31735	9939705	5153261	1614	1807	54	101501	-1909
31736	9939684	5153258	1677	1935	54	101499	-1907
31737	9939671	5153252	1672	1975	54	101503	-1911
31738	9939653	5153246	1713	2025	54	101511	-1917
31739	9939633	5153240	1766	2057	54	101512	-1918
31740	9939605	5153235	1796	2065	54	101505	-1912
31741	9939562	5153231	1846	2053	54	101517	-1922
31742	9939511	5153227	1770	1782	53	101511	-1917
31743	9939453	5153224	1805	1945	53	101509	-1916
31744	9939387	5153222	1796	1544	53	101519	-1924
31745	9939322	5153219	1624	1530	53	101517	-1922
31746	9939256	5153217	1570	1530	53	101516	-1922
31747	9939189	5153215	1329	1148	53	101519	-1924
31748	9939125	5153213	1216	1213	53	101521	-1926
31749	9939067	5153212	992	1281	53	101524	-1928
31750	9939017	5153211	875	1221	53	101522	-1927
31751	9938980	5153209	805	1108	53	101525	-1929
31752	9938946	5153208	748	1041	53	101525	-1929
31753	9938915	5153207	811	1159	53	101521	-1926
31754	9938880	5153206	898	909	53	101530	-1933
31755	9938841	5153205	942	1270	53	101532	-1935
31756	9938799	5153204	933	1396	53	101527	-1931
31757	9938751	5153203	1135	1571	53	101527	-1931
31758	9938699	5153203	1338	1747	53	101527	-1931
31759	9938642	5153201	1596	1849	53	101532	-1935
31760	9938578	5153200	1639	1864	53	101533	-1936
31761	9938513	5153199	1627	1858	53	101527	-1931
31762	9938448	5153197	1585	1833	53	101531	-1934
31763	9938388	5153195	1509	1773	53	101529	-1932
31764	9938332	5153193	1383	1292	53	101526	-1930
31765	9938279	5153191	1274	1461	52	101525	-1929
31766	9938221	5153190	1096	1358	52	101528	-1932
31767	9938154	5153189	1096	1262	53	101541	-1942
31768	9938078	5153188	977	1129	52	101531	-1934
31769	9937997	5153187	1050	1155	53	101534	-1937
31770	9937923	5153187	525	1238	53	101535	-1937
31771	9937836	5153186	994	1325	53	101530	-1933
31772	9937773	5153184	1005	1046	52	101536	-1938
31773	9937732	5153183	1059	1292	52	101535	-1937
31774	9937709	5153181	1105	1598	52	101534	-1937
31775	9937723	5153179	1098	1692	52	101529	-1932
31776	9937737	5153176	1027	1730	52	101537	-1939
31777	9937753	5153174	1027	1752	52	101534	-1937
31778	9937763	5153172	1020	1756	52	101523	-1927
31779	9937772	5153169	1100	1528	52	101524	-1928
31780	9937782	5153167	1364	1713	52	101534	-1937
31781	9937794	5153164	1357	1725	52	101528	-1932
31782	9937813	5153161	1451	1682	52	101531	-1934
31783	9937836	5153157	1287	1665	52	101533	-1936
31784	9937860	5153155	1126	1669	52	101540	-1942
31785	9937881	5153151	1118	1682	52	101534	-1937
31786	9937902	5153147	1301	1484	52	101535	-1937
31787	9937923	5153143	1307	1633	52	101524	-1928
31788	9937947	5153138	1309	1641	52	101527	-1931
31789	9937972	5153134	1214	1225	51	101524	-1928
31790	9937997	5153131	1076	1517	51	101523	-1927
31791	9938023	5153128	1179	1595	51	101534	-1937
31792	9938049	5153125	948	1617	51	101529	-1932
31793	9938080	5153121	1076	1626	51	101530	-1933
31794	9938113	5153114	1463	1621	51	101529	-1932
31795	9938149	5153107	1689	1598	51	101533	-1936
31796	9938187	5153098	1700	1176	51	101531	-1934
31797	9938220	5153090	1564	1176	51	101526	-1930
31798	9938250	5153084	1672	1176	51	101525	-1929
31799	9938278	5153076	1672	1867	51	101527	-1931
31800	9938305	5153070	1674	1628	51	101525	-1929
31801	9938328	5153064	1614	1202	51	101532	-1935
31802	9938344	5153060	1561	1464	51	101519	-1924
31803	9938355	5153055	1605	1506	51	101525	-1929
31804	9938362	5153050	1390	1168	51	101520	-1925
31805	9938370	5153045	1322	1014	51	101522	-1927
31806	9938371	5153041	892	1014	51	101522	-1927
31807	9938368	5153037	779	821	51	101526	-1930
31808	9938366	5153033	788	713	51	101523	-1927
31809	9938362	5153031	587	713	51	101518	-1923
31810	9938368	5153029	488	570	51	101527	-1931
31811	9938374	5153027	446	570	51	101527	-1931
31812	9938377	5153026	396	570	51	101526	-1930
31813	9938390	5153025	22	0	51	101525	-1929
31814	9938406	5153024	9	0	51	101530	-1933
31815	9938422	5153023	22	0	51	101526	-1930
31816	9938444	5153023	25	0	51	101522	-1927
31817	9938453	5153022	29	0	51	101531	-1934
31818	9938456	5153022	24	0	51	101523	-1927
31819	9938457	5153021	33	0	51	101527	-1931
31820	9938453	5153020	0	0	51	101528	-1932
31821	9938451	5153020	0	0	51	101523	-1927
31822	9938448	5153019	0	759	51	101527	-1931
31823	9938446	5153019	0	759	51	101525	-1929
31824	9938444	5153018	57	678	51	101524	-1928
31825	9938443	5153017	663	597	51	101529	-1932
31826	9938442	5153016	750	1259	51	101523	-1927
31827	9938437	5153016	1190	1613	51	101528	-1932
31828	9938422	5153015	1479	1954	51	101528	-1932
31829	9938393	5153014	1694	2080	51	101524	-1928
31830	9938347	5153015	1887	1900	51	101521	-1926
31831	9938288	5153015	1887	2211	51	101523	-1927
31832	9938218	5153015	1972	2265	51	101522	-1927
31833	9938145	5153015	1944	2272	51	101527	-1931
31834	9938068	5153015	2033	2307	51	101537	-1939
31835	9937983	5153016	2020	2331	51	101535	-1937
31836	9937893	5153019	2116	2036	51	101530	-1933
31837	9937799	5153021	2116	1943	51	101540	-1942
31838	9937706	5153023	2031	1889	50	101532	-1935
31839	9937622	5153024	1996	2223	50	101540	-1942
31840	9937544	5153024	1931	2304	50	101539	-1941
31841	9937469	5153024	1837	2353	50	101538	-1940
31842	9937396	5153023	1866	2390	50	101544	-1945
31843	9937321	5153023	1866	2393	50	101543	-1944
31844	9937244	5153022	1920	2402	50	101541	-1942
31845	9937162	5153022	2124	2398	50	101542	-1943
31846	9937073	5153021	2133	2383	50	101550	-1950
31847	9936979	5153021	2181	2320	50	101555	-1954
31848	9936884	5153020	2124	2251	50	101555	-1954
31849	9936789	5153020	2120	2202	50	101553	-1952
31850	9936698	5153020	2122	1936	50	101555	-1954
31851	9936604	5153020	2057	1886	50	101554	-1953
31852	9936510	5153020	2352	2247	50	101564	-1962
31853	9936413	5153019	2266	2241	50	101553	-1952
31854	9936316	5153018	2159	2075	50	101566	-1963
31855	9936226	5153016	2063	1797	50	101562	-1960
31856	9936139	5153014	1937	1709	50	101561	-1959
31857	9936061	5153012	1829	1747	50	101561	-1959
31858	9935987	5153010	1829	1857	50	101560	-1958
31859	9935919	5153008	1768	2027	50	101552	-1952
31860	9935852	5153006	1827	2125	49	101559	-1957
31861	9935783	5153005	1826	2156	49	101570	-1967
31862	9935709	5153006	1798	1915	49	101561	-1959
31863	9935633	5153006	1964	2161	49	101558	-1957
31864	9935557	5153006	1955	2164	49	101570	-1967
31865	9935485	5153005	1727	2144	49	101566	-1963
31866	9935418	5153003	1594	2061	49	101567	-1964
31867	9935353	5153001	1520	1906	49	101562	-1960
31868	9935289	5152998	1516	1706	49	101574	-1970
31869	9935223	5152996	1483	1481	49	101571	-1968
31870	9935155	5152994	1322	1374	49	101575	-1971
31871	9935090	5152992	1161	1214	49	101576	-1972
31872	9935029	5152990	1163	1259	49	101573	-1969
31873	9934977	5152989	1164	885	49	101573	-1969
31874	9934929	5152987	1098	1519	49	101568	-1965
31875	9934875	5152985	761	1758	49	101566	-1963
31876	9934829	5152982	846	1976	49	101566	-1963
31877	9934793	5152979	1213	2124	48	101562	-1960
31878	9934765	5152976	1557	2284	48	101570	-1967
31879	9934758	5152971	2133	2419	48	101572	-1968
31880	9934752	5152966	2400	2163	48	101567	-1964
31881	9934752	5152961	2494	2239	48	101570	-1967
31882	9934763	5152955	2357	2332	48	101573	-1969
31883	9934772	5152950	2311	1957	48	101566	-1963
31884	9934792	5152944	2127	1849	48	101564	-1962
31885	9934814	5152939	1813	1692	48	101572	-1968
31886	9934819	5152933	1405	1476	48	101576	-1972
31887	9934825	5152929	1103	1114	48	101575	-1971
31888	9934825	5152925	763	1114	48	101572	-1968
31889	9934820	5152923	435	1114	48	101569	-1966
31890	9934825	5152921	18	0	48	101568	-1965
31891	9934832	5152920	18	0	48	101579	-1974
31892	9934838	5152920	16	0	48	101571	-1968
31893	9934844	5152920	12	0	48	101575	-1971
31894	9934848	5152919	14	0	48	101573	-1969
31895	9934851	5152918	0	0	48	101573	-1969
31896	9934853	5152918	0	0	48	101573	-1969
31897	9934854	5152918	0	0	48	101576	-1972
31898	9934854	5152918	0	0	48	101570	-1967
31899	9934854	5152918	0	0	48	101580	-1975
31900	9934854	5152918	0	0	49	101580	-1975
31901	9934854	5152918	0	0	49	101575	-1971
31902	9934854	5152918	0	0	49	101582	-1977
31903	9934854	5152918	0	0	49	101577	-1972
31904	9934854	5152918	0	0	49	101582	-1977
31905	9934854	5152918	0	0	49	101580	-1975
31906	9934854	5152918	0	0	49	101577	-1972
31907	9934854	5152918	0	0	49	101571	-1968
31908	9934854	5152918	0	0	50	101575	-1971
31909	9934854	5152918	0	0	50	101581	-1976
31910	9934854	5152918	0	0	50	101584	-1978
31911	9934854	5152918	0	0	50	101578	-1973
31912	9934854	5152918	0	0	50	101574	-1970
31913	9934854	5152918	0	0	50	101581	-1976
31914	9934854	5152918	0	0	50	101575	-1971
31915	9934854	5152918	0	0	50	101579	-1974
31916	9934854	5152918	0	0	50	101576	-1972
31917	9934854	5152918	0	0	50	101577	-1972
31918	9934854	5152918	0	0	51	101584	-1978
31919	9934854	5152918	0	195	51	101581	-1976
31920	9934854	5152918	0	809	50	101572	-1968
31921	9934854	5152918	385	1059	50	101573	-1969
31922	9934851	5152917	1120	1400	51	101579	-1974
31923	9934836	5152916	1224	1625	51	101573	-1969
31924	9934813	5152914	1581	1597	50	101566	-1963
31925	9934772	5152912	1885	1891	50	101574	-1970
31926	9934718	5152910	1987	1754	50	101581	-1976
31927	9934654	5152908	1829	1957	50	101572	-1968
31928	9934583	5152907	1707	1745	50	101581	-1976
31929	9934502	5152906	1842	1930	50	101573	-1969
31930	9934421	5152904	1763	1748	50	101574	-1970
31931	9934343	5152902	1826	1985	50	101575	-1971
31932	9934271	5152899	1835	2019	50	101572	-1968
31933	9934219	5152895	2042	2106	50	101577	-1972
31934	9934184	5152891	1981	2156	50	101578	-1973
31935	9934163	5152885	1794	2183	50	101573	-1969
31936	9934154	5152880	1852	2169	49	101576	-1972
31937	9934147	5152875	1824	2158	50	101583	-1978
31938	9934143	5152870	1939	2171	49	101580	-1975
31939	9934142	5152865	1842	1901	49	101582	-1977
31940	9934141	5152860	1798	2132	49	101583	-1978
31941	9934137	5152855	1811	2175	49	101584	-1978
31942	9934134	5152849	1911	2179	49	101578	-1973
31943	9934125	5152844	1924	1903	49	101578	-1973
31944	9934119	5152839	1990	2129	49	101572	-1968
31945	9934113	5152834	1870	2140	48	101573	-1969
31946	9934104	5152829	1972	2146	48	101578	-1973
31947	9934093	5152824	1961	2165	48	101579	-1974
31948	9934084	5152819	1902	2150	48	101577	-1972
31949	9934077	5152813	1957	2137	48	101583	-1978
31950	9934072	5152809	1944	1866	48	101579	-1974
31951	9934072	5152803	1622	2112	48	101571	-1968
31952	9934075	5152798	1609	2165	48	101567	-1964
31953	9934076	5152793	1805	2175	48	101567	-1964
31954	9934078	5152788	1937	2196	48	101573	-1969
31955	9934076	5152783	2089	2194	48	101575	-1971
31956	9934071	5152778	2192	2178	48	101569	-1966
31957	9934064	5152772	2185	2166	48	101575	-1971
31958	9934060	5152766	2131	1874	48	101578	-1973
31959	9934058	5152760	2022	2020	47	101571	-1968
31960	9934063	5152755	1992	1969	47	101566	-1963
31961	9934074	5152749	1852	1911	47	101574	-1970
31962	9934088	5152744	1742	1406	47	101575	-1971
31963	9934100	5152739	1539	1066	47	101563	-1961
31964	9934111	5152734	1109	1122	47	101571	-1968
31965	9934111	5152731	761	1014	47	101577	-1972
31966	9934107	5152728	755	977	47	101576	-1972
31967	9934099	5152725	911	1013	47	101571	-1968
31968	9934092	5152723	903	1040	47	101578	-1973
31969	9934082	5152721	611	1035	47	101575	-1971
31970	9934067	5152720	916	1115	47	101570	-1967
31971	9934042	5152718	977	1258	47	101567	-1964
31972	9934007	5152718	1176	1397	48	101575	-1971
31973	9933964	5152718	1174	1072	48	101573	-1969
31974	9933912	5152718	1307	915	48	101560	-1958
31975	9933857	5152718	1346	1191	48	101562	-1960
31976	9933801	5152718	1253	1352	48	101567	-1964
31977	9933748	5152719	1081	1288	48	101562	-1960
31978	9933702	5152719	1076	1167	48	101574	-1970
31979	9933662	5152720	855	978	48	101567	-1964
31980	9933629	5152720	688	801	48	101564	-1962
31981	9933601	5152721	477	801	48	101565	-1962
31982	9933578	5152722	474	801	48	101569	-1966
31983	9933558	5152722	316	0	48	101569	-1966
31984	9933539	5152722	14	1537	48	101569	-1966
31985	9933525	5152722	9	1537	48	101563	-1961
31986	9933516	5152722	9	1537	48	101557	-1956
31987	9933510	5152722	3	3893	48	101565	-1962
31988	9933510	5152722	0	3893	48	101567	-1964
31989	9933510	5152722	0	3893	48	101566	-1963
31990	9933512	5152722	0	0	48	101564	-1962
31991	9933512	5152722	0	0	48	101567	-1964
31992	9933512	5152722	0	0	48	101564	-1962
31993	9933512	5152722	0	0	48	101565	-1962
31994	9933512	5152722	0	0	48	101567	-1964
31995	9933512	5152722	7	0	48	101579	-1974
31996	9933511	5152722	3	0	48	101563	-1961
31997	9933510	5152722	1	0	48	101563	-1961
31998	9933509	5152722	1	0	48	101561	-1959
31999	9933508	5152722	5	0	48	101561	-1959
32000	9933508	5152722	0	0	48	101566	-1963
32001	9933507	5152722	0	0	48	101566	-1963
32002	9933507	5152722	0	0	48	101563	-1961
32003	9933507	5152722	0	0	48	101570	-1967
32004	9933507	5152722	0	0	48	101571	-1968
32005	9933507	5152722	0	0	48	101569	-1966
32006	9933507	5152722	0	0	49	101569	-1966
32007	9933507	5152722	0	0	49	101573	-1969
32008	9933507	5152722	0	0	48	101564	-1962
32009	9933507	5152722	0	0	48	101565	-1962
32010	9933507	5152722	0	0	49	101568	-1965
32011	9933507	5152722	0	0	49	101570	-1967
32012	9933507	5152722	0	0	49	101570	-1967
32013	9933507	5152722	0	0	48	101564	-1962
32014	9933507	5152722	0	0	49	101566	-1963
32015	9933507	5152722	0	0	48	101560	-1958
32016	9933507	5152722	0	0	49	101567	-1964
32017	9933507	5152722	0	0	49	101574	-1970
32018	9933507	5152722	0	0	49	101568	-1965
32019	9933507	5152722	0	0	49	101565	-1962
32020	9933507	5152722	0	0	49	101568	-1965
32021	9933507	5152722	0	0	49	101568	-1965
32022	9933507	5152722	0	0	49	101572	-1968
32023	9933507	5152722	0	0	49	101566	-1963
32024	9933507	5152722	0	0	49	101567	-1964
32025	9933507	5152722	0	0	49	101567	-1964
32026	9933507	5152722	0	0	49	101563	-1961
32027	9933507	5152722	0	0	49	101566	-1963
32028	9933507	5152722	0	0	49	101570	-1967
32029	9933507	5152722	0	0	49	101565	-1962
