#Zeit [s]	longitude [1e6]	Latitude [1e5]	GPSSpeed [1e2 km/h] 	Tacho [1e2 km/h] 	Temperatur [10 C] 	Druck [Pa] 	HoeheSee [10 m]
31195	9941923	5155863	31	0	217	100438	-1018
31196	9941906	5155856	40	0	216	100437	-1017
31197	9941906	5155856	40	0	216	100438	-1018
31198	9941898	5155843	25	0	216	100433	-1014
31199	9941902	5155840	29	0	216	100442	-1021
31200	9941902	5155837	37	155	216	100441	-1021
31201	9941899	5155836	85	155	216	100445	-1024
31202	9941895	5155836	42	155	216	100437	-1017
31203	9941893	5155836	18	0	216	100439	-1019
31204	9941892	5155836	9	0	215	100441	-1021
31205	9941893	5155836	25	351	215	100442	-1021
31206	9941895	5155836	29	407	215	100437	-1017
31207	9941897	5155836	248	407	215	100439	-1019
31208	9941900	5155836	196	407	215	100440	-1020
31209	9941904	5155836	175	369	215	100436	-1016
31210	9941906	5155836	100	369	215	100437	-1017
31211	9941907	5155835	40	369	214	100435	-1016
31212	9941910	5155835	100	668	214	100429	-1010
31213	9941916	5155835	220	801	214	100429	-1010
31214	9941927	5155835	451	1160	214	100423	-1005
31215	9941950	5155835	1114	1313	213	100431	-1012
31216	9941983	5155835	1266	1399	213	100432	-1013
31217	9942028	5155835	1453	1610	213	100432	-1013
31218	9942080	5155834	1505	1621	212	100423	-1005
31219	9942140	5155834	1531	1573	212	100428	-1010
31220	9942200	5155834	1329	1573	211	100433	-1014
31221	9942260	5155833	1403	1573	211	100432	-1013
31222	9942260	5155833	1403	1038	210	100427	-1009
31223	9942379	5155832	1426	1301	210	100426	-1008
31224	9942438	5155832	1374	1368	210	100435	-1016
31225	9942492	5155832	1090	1418	209	100432	-1013
31226	9942543	5155832	1133	1424	208	100437	-1017
31227	9942591	5155833	1161	1072	208	100430	-1011
31228	9942636	5155835	1120	1286	208	100429	-1010
31229	9942678	5155836	1029	1178	207	100432	-1013
31230	9942715	5155838	781	1078	207	100426	-1008
31231	9942747	5155840	785	1019	207	100432	-1013
31232	9942747	5155840	785	1062	207	100429	-1010
31233	9942805	5155841	890	1260	207	100432	-1013
31234	9942831	5155840	1244	1008	206	100428	-1010
31235	9942849	5155838	1429	1486	206	100424	-1006
31236	9942860	5155835	1498	1654	205	100428	-1010
31237	9942860	5155835	1498	1707	205	100430	-1011
31238	9942865	5155829	1468	1716	205	100426	-1008
31239	9942863	5155825	1564	1714	204	100421	-1004
31240	9942863	5155822	1494	1637	204	100425	-1007
31241	9942864	5155819	1324	1595	204	100420	-1003
31242	9942864	5155819	1324	1267	203	100413	-997
31243	9942879	5155812	1161	1289	203	100412	-996
31244	9942891	5155809	1151	948	203	100411	-995
31245	9942909	5155806	1083	1076	203	100405	-990
31246	9942936	5155804	1133	840	202	100410	-994
31247	9942936	5155804	1133	1049	202	100401	-987
31248	9943017	5155802	1107	826	202	100406	-991
31249	9943064	5155801	1024	957	201	100403	-989
31250	9943110	5155800	811	903	201	100408	-993
31251	9943150	5155800	659	735	201	100405	-990
31252	9943150	5155800	659	777	201	100403	-989
31253	9943211	5155799	731	881	201	100402	-988
31254	9943240	5155798	1031	950	200	100394	-981
31255	9943273	5155798	907	923	200	100394	-981
31256	9943309	5155798	813	850	200	100398	-984
31257	9943345	5155797	711	733	200	100394	-981
31258	9943376	5155797	409	733	200	100402	-988
31259	9943398	5155796	46	733	199	100399	-985
31260	9943412	5155796	33	0	199	100397	-983
31261	9943420	5155796	29	0	199	100402	-988
31262	9943424	5155796	44	0	199	100401	-987
31263	9943426	5155796	64	0	199	100406	-991
31264	9943428	5155796	66	0	199	100399	-985
31265	9943430	5155797	62	0	198	100393	-980
31266	9943431	5155797	75	0	198	100394	-981
31267	9943432	5155797	261	0	198	100394	-981
31268	9943436	5155797	450	175	198	100391	-978
31269	9943449	5155797	674	624	197	100400	-986
31270	9943473	5155797	1016	1053	197	100397	-983
31271	9943506	5155796	1051	1155	197	100400	-986
31272	9943544	5155795	1164	1265	197	100403	-989
31273	9943573	5155793	1133	1260	196	100402	-988
31274	9943588	5155790	1129	964	196	100394	-981
31275	9943589	5155787	1196	1230	196	100390	-978
31276	9943580	5155784	1183	1001	195	100396	-983
31277	9943565	5155781	1372	1549	195	100400	-986
31278	9943547	5155777	1601	1768	194	100392	-979
31279	9943528	5155774	1844	1923	194	100399	-985
31280	9943507	5155769	1844	2000	193	100396	-983
31281	9943486	5155765	1839	2059	192	100397	-983
31282	9943462	5155760	1887	2075	191	100394	-981
31283	9943438	5155755	1966	1885	191	100393	-980
31284	9943411	5155751	2061	2179	190	100391	-978
31285	9943382	5155745	2029	2267	189	100395	-982
31286	9943350	5155740	2164	2307	189	100399	-985
31287	9943315	5155735	2222	2334	188	100393	-980
31288	9943276	5155729	2289	2363	187	100401	-987
31289	9943236	5155723	2246	2396	186	100395	-982
31290	9943196	5155717	2307	2426	186	100398	-984
31291	9943157	5155711	2207	2453	186	100395	-982
31292	9943117	5155706	2214	2487	185	100403	-989
31293	9943075	5155700	2344	2500	185	100403	-989
31294	9943031	5155695	2522	2209	184	100397	-983
31295	9942986	5155689	2511	2349	184	100405	-990
31296	9942939	5155684	2429	2526	183	100401	-987
31297	9942892	5155678	2335	2542	182	100410	-994
31298	9942847	5155671	2331	2567	182	100403	-989
31299	9942804	5155665	2335	2418	181	100398	-984
31300	9942762	5155659	2415	2570	181	100409	-994
31301	9942720	5155653	2457	2597	180	100398	-984
31302	9942675	5155647	2342	2620	179	100405	-990
31303	9942633	5155640	2415	2624	178	100401	-987
31304	9942595	5155633	2468	2622	178	100408	-993
31305	9942556	5155626	2457	2622	177	100401	-987
31306	9942521	5155620	2465	2457	177	100403	-989
31307	9942483	5155613	2309	2594	176	100407	-992
31308	9942440	5155607	2390	2602	176	100407	-992
31309	9942397	5155600	2400	2436	175	100407	-992
31310	9942354	5155594	2468	2575	174	100407	-992
31311	9942310	5155588	2553	2576	174	100411	-995
31312	9942268	5155583	2561	2258	173	100409	-994
31313	9942226	5155576	2500	2358	173	100411	-995
31314	9942184	5155569	2489	2522	172	100411	-995
31315	9942145	5155563	2492	2553	172	100420	-1003
31316	9942107	5155557	2437	2575	172	100413	-997
31317	9942070	5155551	2440	2408	171	100410	-994
31318	9942033	5155545	2352	2556	170	100415	-999
31319	9941999	5155539	2350	2577	170	100417	-1000
31320	9941965	5155534	2496	2600	169	100421	-1004
31321	9941930	5155528	2502	2477	169	100426	-1008
31322	9941895	5155522	2442	2640	168	100423	-1005
31323	9941855	5155517	2446	2680	168	100424	-1006
31324	9941816	5155511	2603	2700	167	100421	-1004
31325	9941777	5155505	2594	2721	166	100425	-1007
31326	9941737	5155499	2731	2557	166	100427	-1009
31327	9941696	5155493	2581	2721	165	100429	-1010
31328	9941654	5155487	2550	2593	164	100430	-1011
31329	9941611	5155481	2518	2752	164	100436	-1016
31330	9941568	5155475	2609	2622	163	100440	-1020
31331	9941526	5155469	2622	2791	163	100438	-1018
31332	9941482	5155462	2566	2663	162	100443	-1022
31333	9941434	5155456	2768	2863	161	100442	-1021
31334	9941383	5155450	2709	2881	161	100449	-1027
31335	9941331	5155443	2642	2696	160	100456	-1033
31336	9941278	5155437	2531	2835	159	100456	-1033
31337	9941230	5155431	2524	2818	159	100457	-1034
31338	9941184	5155425	2576	2800	158	100457	-1034
31339	9941139	5155419	2657	2790	158	100461	-1037
31340	9941095	5155413	2496	2599	157	100469	-1044
31341	9941053	5155407	2483	2726	156	100468	-1043
31342	9941011	5155400	2553	2732	156	100468	-1043
31343	9940968	5155394	2566	2628	156	100477	-1051
31344	9940923	5155387	2407	2436	155	100475	-1049
31345	9940875	5155382	2305	2184	155	100479	-1053
31346	9940825	5155376	2026	1998	154	100477	-1051
31347	9940775	5155371	1616	1806	154	100480	-1053
31348	9940728	5155366	1420	1286	154	100484	-1057
31349	9940687	5155362	1226	1291	154	100487	-1059
31350	9940654	5155359	935	1291	154	100484	-1057
31351	9940627	5155357	583	1291	154	100490	-1062
31352	9940608	5155355	364	0	153	100487	-1059
31353	9940596	5155354	11	0	153	100489	-1061
31354	9940588	5155353	18	0	153	100489	-1061
31355	9940584	5155353	24	0	153	100494	-1065
31356	9940584	5155354	24	0	153	100481	-1054
31357	9940583	5155354	22	0	153	100483	-1056
31358	9940583	5155355	0	136	153	100483	-1056
31359	9940583	5155356	0	835	152	100484	-1057
31360	9940582	5155356	53	835	152	100488	-1060
31361	9940578	5155355	1305	662	152	100490	-1062
31362	9940566	5155353	1451	1243	152	100492	-1063
31363	9940548	5155350	1724	1710	152	100490	-1062
31364	9940521	5155346	1805	2008	151	100486	-1058
31365	9940491	5155342	1911	2126	151	100488	-1060
31366	9940456	5155337	2159	2202	151	100494	-1065
31367	9940417	5155331	2096	2280	150	100482	-1055
31368	9940372	5155326	1990	2370	150	100489	-1061
31369	9940327	5155320	2076	2445	149	100492	-1063
31370	9940284	5155314	2114	2514	149	100495	-1066
31371	9940245	5155309	2264	2556	148	100506	-1075
31372	9940210	5155304	2448	2460	148	100502	-1072
31373	9940173	5155298	2503	2638	147	100497	-1068
31374	9940132	5155292	2611	2683	147	100504	-1074
31375	9940087	5155286	2561	2704	146	100510	-1079
31376	9940039	5155279	2633	2717	146	100508	-1077
31377	9939987	5155272	2592	2562	145	100505	-1074
31378	9939933	5155266	2657	2723	145	100509	-1078
31379	9939876	5155260	2744	2591	144	100510	-1079
31380	9939817	5155253	2750	2744	144	100520	-1087
31381	9939761	5155247	2605	2600	143	100511	-1079
31382	9939708	5155241	2611	2770	143	100519	-1086
31383	9939658	5155234	2727	2628	142	100515	-1083
31384	9939614	5155227	2733	2797	142	100519	-1086
31385	9939571	5155221	2726	2795	141	100521	-1088
31386	9939528	5155215	2650	2791	141	100520	-1087
31387	9939484	5155208	2653	2770	140	100522	-1089
31388	9939440	5155202	2718	2767	140	100533	-1098
31389	9939398	5155195	2653	2765	139	100527	-1093
31390	9939358	5155188	2724	2769	138	100530	-1095
31391	9939322	5155182	2737	2764	138	100536	-1100
31392	9939285	5155175	2690	2775	137	100530	-1095
31393	9939250	5155169	2577	2780	137	100535	-1100
31394	9939213	5155163	2739	2765	136	100535	-1100
31395	9939175	5155156	2692	2776	136	100531	-1096
31396	9939142	5155149	2765	2788	136	100545	-1108
31397	9939110	5155142	2631	2789	135	100539	-1103
31398	9939084	5155136	2692	2789	135	100551	-1113
31399	9939060	5155129	2661	2780	134	100544	-1107
31400	9939036	5155123	2794	2758	134	100544	-1107
31401	9939014	5155116	2655	2735	133	100545	-1108
31402	9938993	5155109	2716	2668	133	100543	-1106
31403	9938974	5155103	2703	2653	133	100538	-1102
31404	9938954	5155095	2705	2644	132	100549	-1111
31405	9938936	5155089	2620	2623	132	100543	-1106
31406	9938917	5155082	2624	2597	132	100548	-1111
31407	9938896	5155075	2559	2498	131	100555	-1116
31408	9938877	5155069	2361	2181	131	100545	-1108
31409	9938861	5155063	1979	1914	131	100549	-1111
31410	9938849	5155057	1700	1326	131	100556	-1117
31411	9938842	5155052	1398	1247	131	100555	-1116
31412	9938839	5155048	1059	1057	130	100550	-1112
31413	9938839	5155045	713	1057	130	100555	-1116
31414	9938840	5155042	459	1057	130	100550	-1112
31415	9938842	5155041	22	0	130	100557	-1118
31416	9938842	5155040	5	0	130	100550	-1112
31417	9938840	5155039	5	0	130	100557	-1118
31418	9938840	5155039	3	0	130	100549	-1111
31419	9938839	5155039	5	0	130	100555	-1116
31420	9938841	5155039	0	179	130	100555	-1116
31421	9938842	5155039	0	476	130	100563	-1123
31422	9938844	5155039	0	775	130	100555	-1116
31423	9938844	5155039	55	1123	130	100559	-1120
31424	9938843	5155038	1118	1178	130	100566	-1126
31425	9938839	5155037	1259	1283	130	100562	-1122
31426	9938835	5155034	1516	1459	129	100563	-1123
31427	9938830	5155031	1546	1624	130	100570	-1129
31428	9938826	5155028	1555	1856	129	100555	-1116
31429	9938818	5155024	1772	1945	129	100555	-1116
31430	9938810	5155020	1990	2092	129	100557	-1118
31431	9938804	5155015	2077	2128	129	100557	-1118
31432	9938801	5155009	2202	1944	128	100560	-1121
31433	9938803	5155003	2276	1918	128	100561	-1122
31434	9938807	5154998	2240	2204	128	100562	-1122
31435	9938812	5154992	2172	2227	128	100556	-1117
31436	9938818	5154986	2164	2275	128	100562	-1122
31437	9938818	5154986	2164	2299	127	100556	-1117
31438	9938830	5154975	2303	2278	127	100560	-1121
31439	9938839	5154970	2290	2255	127	100559	-1120
31440	9938850	5154964	2285	1936	127	100565	-1125
31441	9938865	5154958	2168	2161	126	100564	-1124
31442	9938880	5154952	2157	2184	126	100564	-1124
31443	9938896	5154947	2044	2179	126	100569	-1128
31444	9938910	5154942	2207	1929	126	100565	-1125
31445	9938922	5154936	2155	2236	125	100562	-1122
31446	9938931	5154931	2276	2347	125	100572	-1131
31447	9938940	5154925	2359	2398	125	100570	-1129
31448	9938951	5154920	2502	2411	124	100567	-1127
31449	9938963	5154914	2309	2421	124	100571	-1130
31450	9938975	5154908	2400	2115	123	100565	-1125
31451	9938989	5154902	2392	2367	123	100565	-1125
31452	9939002	5154896	2396	2107	123	100570	-1129
31453	9939014	5154890	2387	2067	122	100561	-1122
31454	9939022	5154884	2420	2248	122	100562	-1122
31455	9939030	5154878	2427	2433	121	100562	-1122
31456	9939035	5154871	2603	2442	121	100564	-1124
31457	9939040	5154865	2546	2410	121	100560	-1121
31458	9939046	5154859	2263	2363	120	100560	-1121
31459	9939050	5154853	2194	2343	120	100569	-1128
31460	9939054	5154847	2194	2354	119	100574	-1132
31461	9939060	5154841	2316	2372	119	100572	-1131
31462	9939068	5154836	2311	2361	118	100569	-1128
31463	9939079	5154831	2348	2378	118	100572	-1131
31464	9939093	5154825	2352	2396	118	100559	-1120
31465	9939108	5154820	2348	2426	117	100566	-1126
31466	9939125	5154815	2461	2435	117	100573	-1132
31467	9939147	5154809	2492	2440	117	100569	-1128
31468	9939167	5154803	2329	2415	116	100573	-1132
31469	9939190	5154797	2385	2393	116	100568	-1127
31470	9939213	5154791	2424	2429	115	100571	-1130
31471	9939234	5154785	2418	2419	115	100556	-1117
31472	9939256	5154779	2427	2399	115	100566	-1126
31473	9939277	5154773	2416	2420	115	100570	-1129
31474	9939299	5154767	2335	2441	114	100569	-1128
31475	9939320	5154761	2490	2451	114	100575	-1133
31476	9939341	5154755	2485	2100	113	100569	-1128
31477	9939362	5154749	2357	2010	113	100571	-1130
31478	9939381	5154744	2492	2001	113	100576	-1134
31479	9939401	5154738	2503	2013	113	100575	-1133
31480	9939420	5154732	2407	2040	112	100575	-1133
31481	9939439	5154726	2396	2247	112	100568	-1127
31482	9939461	5154720	2502	2437	112	100577	-1135
31483	9939481	5154714	2420	2457	112	100580	-1138
31484	9939503	5154708	2339	2449	111	100575	-1133
31485	9939526	5154703	2448	2445	111	100581	-1138
31486	9939546	5154696	2650	2453	111	100578	-1136
31487	9939568	5154691	2463	2450	111	100580	-1138
31488	9939590	5154685	2461	2442	110	100578	-1136
31489	9939604	5154679	2385	2392	110	100575	-1133
31490	9939619	5154674	2342	2366	110	100571	-1130
31491	9939636	5154668	2340	2381	110	100575	-1133
31492	9939651	5154662	2348	2131	109	100582	-1139
31493	9939675	5154656	2513	2081	109	100577	-1135
31494	9939698	5154651	2433	2275	108	100580	-1138
31495	9939719	5154645	2496	2442	108	100578	-1136
31496	9939743	5154639	2353	2462	108	100589	-1145
31497	9939766	5154633	2492	2449	108	100579	-1137
31498	9939790	5154627	2505	2409	107	100589	-1145
31499	9939814	5154621	2553	2450	107	100581	-1138
31500	9939837	5154615	2544	2443	107	100580	-1138
31501	9939861	5154609	2487	2157	106	100572	-1131
31502	9939885	5154603	2485	2089	106	100589	-1145
31503	9939910	5154596	2446	2075	106	100582	-1139
31504	9939935	5154591	2476	2257	105	100580	-1138
31505	9939960	5154585	2396	2389	105	100581	-1138
31506	9939983	5154579	2516	2388	105	100587	-1143
31507	9940005	5154573	2487	2355	105	100578	-1136
31508	9940027	5154567	2303	2317	104	100593	-1148
31509	9940048	5154562	2059	2175	104	100591	-1147
31510	9940069	5154556	1955	1969	104	100592	-1148
31511	9940093	5154551	2013	1919	104	100591	-1147
31512	9940117	5154546	2018	2061	104	100594	-1149
31513	9940143	5154542	2118	2120	104	100589	-1145
31514	9940168	5154537	2124	1913	103	100595	-1150
31515	9940191	5154532	2118	2134	103	100592	-1148
31516	9940214	5154527	2152	2127	103	100593	-1148
31517	9940234	5154522	2140	1824	103	100595	-1150
31518	9940255	5154516	2022	2002	102	100589	-1145
31519	9940278	5154511	2026	1992	103	100594	-1149
31520	9940298	5154506	1942	1907	102	100594	-1149
31521	9940308	5154501	1742	1907	102	100594	-1149
31522	9940318	5154497	1281	1242	102	100601	-1155
31523	9940330	5154493	1155	1202	102	100605	-1159
31524	9940344	5154489	1061	1035	102	100600	-1154
31525	9940364	5154487	761	1035	102	100595	-1150
31526	9940377	5154485	25	1035	102	100606	-1159
31527	9940384	5154484	5	0	102	100609	-1162
31528	9940385	5154483	3	0	102	100601	-1155
31529	9940383	5154483	3	0	102	100603	-1157
31530	9940381	5154483	1	0	102	100603	-1157
31531	9940380	5154483	1	0	102	100608	-1161
31532	9940378	5154483	5	0	102	100604	-1158
31533	9940379	5154483	5	0	102	100601	-1155
31534	9940380	5154483	3	0	102	100606	-1159
31535	9940382	5154483	7	0	102	100599	-1153
31536	9940384	5154483	0	0	102	100599	-1153
31537	9940385	5154483	0	0	102	100605	-1159
31538	9940385	5154483	3	0	102	100607	-1160
31539	9940385	5154483	1	0	102	100603	-1157
31540	9940386	5154483	1	0	102	100598	-1153
31541	9940387	5154483	0	0	102	100602	-1156
31542	9940389	5154483	3	0	102	100603	-1157
31543	9940389	5154483	5	0	102	100609	-1162
31544	9940390	5154483	5	0	102	100610	-1163
31545	9940392	5154484	3	0	102	100604	-1158
31546	9940393	5154484	1	0	102	100600	-1154
31547	9940395	5154484	1	0	102	100605	-1159
31548	9940395	5154484	7	0	102	100604	-1158
31549	9940395	5154484	9	0	102	100602	-1156
31550	9940395	5154484	7	0	102	100604	-1158
31551	9940395	5154484	42	0	102	100601	-1155
31552	9940395	5154484	18	0	102	100608	-1161
31553	9940395	5154484	14	0	102	100605	-1159
31554	9940396	5154484	18	654	102	100599	-1153
31555	9940396	5154485	0	654	102	100601	-1155
31556	9940396	5154485	0	544	102	100598	-1153
31557	9940396	5154484	520	854	102	100602	-1156
31558	9940395	5154484	920	1292	102	100598	-1153
31559	9940398	5154482	1266	1592	102	100603	-1157
31560	9940403	5154479	1468	1475	102	100597	-1152
31561	9940411	5154476	1653	1660	102	100602	-1156
31562	9940418	5154472	1683	1768	102	100599	-1153
31563	9940424	5154468	1759	1918	102	100597	-1152
31564	9940433	5154463	1953	1988	102	100600	-1154
31565	9940443	5154458	2044	2027	101	100591	-1147
31566	9940458	5154453	2040	2031	101	100593	-1148
31567	9940476	5154448	2081	2084	101	100592	-1148
31568	9940495	5154443	2009	2081	101	100591	-1147
31569	9940517	5154438	2070	1857	101	100599	-1153
31570	9940536	5154432	2018	2079	101	100581	-1138
31571	9940556	5154427	2046	2146	101	100591	-1147
31572	9940573	5154423	1970	2099	100	100578	-1136
31573	9940590	5154418	1964	2089	100	100588	-1144
31574	9940607	5154413	1927	2079	100	100589	-1145
31575	9940623	5154408	2033	1835	100	100593	-1148
31576	9940640	5154402	1937	2033	100	100588	-1144
31577	9940658	5154398	1992	1975	100	100591	-1147
31578	9940676	5154393	1829	1899	99	100586	-1143
31579	9940695	5154387	1700	1389	99	100593	-1148
31580	9940715	5154383	1566	1073	99	100587	-1143
31581	9940734	5154379	1374	1135	99	100590	-1146
31582	9940752	5154376	1027	1003	99	100586	-1143
31583	9940768	5154373	768	798	99	100581	-1138
31584	9940777	5154370	624	724	99	100583	-1140
31585	9940784	5154368	513	724	99	100586	-1143
31586	9940788	5154367	398	557	99	100593	-1148
31587	9940793	5154365	533	703	99	100577	-1135
31588	9940802	5154364	600	888	99	100583	-1140
31589	9940813	5154362	861	1216	99	100573	-1132
31590	9940825	5154361	1046	1471	99	100580	-1138
31591	9940838	5154359	1214	1619	99	100566	-1126
31592	9940849	5154356	1500	1834	98	100572	-1131
31593	9940859	5154352	1818	1972	98	100569	-1128
31594	9940868	5154348	1944	2073	98	100567	-1127
31595	9940879	5154344	2081	2132	98	100570	-1129
31596	9940893	5154339	2094	1929	98	100571	-1130
31597	9940910	5154333	2318	2216	98	100577	-1135
31598	9940933	5154328	2266	2244	97	100574	-1132
31599	9940958	5154321	2255	2190	97	100566	-1126
31600	9940984	5154316	2133	2108	97	100566	-1126
31601	9941008	5154310	1994	1900	97	100562	-1122
31602	9941029	5154305	1850	1871	96	100556	-1117
31603	9941046	5154300	1714	1928	96	100554	-1116
31604	9941063	5154295	1892	1792	96	100562	-1122
31605	9941078	5154291	1942	2075	96	100560	-1121
31606	9941095	5154286	2074	2133	96	100567	-1127
31607	9941095	5154286	2074	1917	95	100565	-1125
31608	9941137	5154276	2052	2167	95	100562	-1122
31609	9941159	5154271	2039	2223	95	100562	-1122
31610	9941181	5154266	2083	2282	95	100562	-1122
31611	9941200	5154261	2233	2343	94	100554	-1116
31612	9941220	5154255	2274	2339	94	100563	-1123
31613	9941240	5154250	2370	2317	94	100554	-1116
31614	9941262	5154245	2335	2330	94	100555	-1116
31615	9941285	5154239	2390	2345	94	100553	-1115
31616	9941308	5154233	2352	2046	93	100557	-1118
31617	9941330	5154227	2281	1971	93	100560	-1121
31618	9941353	5154221	2274	1953	93	100561	-1122
31619	9941374	5154216	2333	1951	93	100561	-1122
31620	9941397	5154210	2259	2294	93	100559	-1120
31621	9941420	5154204	2263	2018	92	100551	-1113
31622	9941442	5154199	2329	2265	92	100559	-1120
31623	9941466	5154193	2222	2275	92	100559	-1120
31624	9941489	5154187	2261	2263	92	100556	-1117
31625	9941512	5154181	2374	2246	92	100550	-1112
31626	9941532	5154175	2277	2204	91	100556	-1117
31627	9941532	5154175	2277	1927	91	100552	-1114
31628	9941576	5154164	2192	2199	91	100551	-1113
31629	9941599	5154158	2287	2207	91	100555	-1116
31630	9941620	5154152	2281	2138	91	100555	-1116
31631	9941639	5154147	2126	1807	91	100562	-1122
31632	9941656	5154142	1976	2043	91	100559	-1120
31633	9941673	5154136	2031	2064	91	100559	-1120
31634	9941690	5154131	1952	2051	90	100554	-1116
31635	9941708	5154126	1942	2034	90	100555	-1116
31636	9941725	5154122	2039	2021	90	100562	-1122
31637	9941744	5154117	2029	2059	90	100562	-1122
31638	9941761	5154112	1968	1859	90	100559	-1120
31639	9941780	5154107	1977	2077	90	100562	-1122
31640	9941798	5154102	2068	2065	90	100562	-1122
31641	9941816	5154097	1902	1736	89	100555	-1116
31642	9941833	5154092	1801	1852	89	100558	-1119
31643	9941851	5154087	1798	1860	89	100557	-1118
31644	9941868	5154082	1789	1879	89	100549	-1111
31645	9941882	5154078	1800	1915	89	100561	-1122
31646	9941895	5154073	1892	1719	89	100560	-1121
31647	9941895	5154073	1892	2053	89	100556	-1117
31648	9941921	5154065	2087	2113	89	100560	-1121
31649	9941937	5154060	1983	2118	89	100556	-1117
31650	9941956	5154055	1920	1994	89	100559	-1120
31651	9941973	5154049	1905	1872	88	100553	-1115
31652	9941991	5154045	1701	1798	89	100561	-1122
31653	9942008	5154040	1698	1818	88	100553	-1115
31654	9942025	5154035	1585	1714	88	100554	-1116
31655	9942041	5154031	1576	1661	88	100562	-1122
31656	9942059	5154027	1483	1618	88	100553	-1115
31657	9942076	5154023	1472	1580	88	100552	-1114
31658	9942093	5154019	1400	1585	88	100553	-1115
31659	9942110	5154015	1400	1559	88	100556	-1117
31660	9942126	5154012	1451	1536	88	100549	-1111
31661	9942141	5154008	1500	1519	88	100545	-1108
31662	9942154	5154004	1503	1519	88	100551	-1113
31663	9942166	5154001	1344	1117	88	100554	-1116
31664	9942179	5153998	1242	861	88	100547	-1110
31665	9942193	5153994	1170	1021	88	100551	-1113
31666	9942208	5153991	1111	1048	88	100552	-1114
31667	9942225	5153988	1016	1004	88	100543	-1106
31668	9942242	5153986	894	929	88	100541	-1105
31669	9942258	5153983	890	835	88	100545	-1108
31670	9942274	5153982	655	835	88	100542	-1106
31671	9942287	5153980	18	835	88	100546	-1109
31672	9942297	5153978	5	0	88	100541	-1105
31673	9942305	5153978	1	0	88	100548	-1111
31674	9942307	5153978	9	0	88	100546	-1109
31675	9942307	5153978	7	0	88	100541	-1105
31676	9942307	5153979	0	0	88	100546	-1109
31677	9942307	5153979	0	0	88	100549	-1111
31678	9942305	5153979	0	0	88	100546	-1109
31679	9942305	5153979	0	0	88	100547	-1110
31680	9942305	5153979	0	0	88	100548	-1111
31681	9942305	5153979	0	0	88	100548	-1111
31682	9942305	5153979	0	0	88	100549	-1111
31683	9942305	5153979	0	0	88	100545	-1108
31684	9942305	5153979	0	0	88	100549	-1111
31685	9942305	5153979	0	0	88	100548	-1111
31686	9942305	5153979	3	0	88	100545	-1108
31687	9942305	5153979	3	0	88	100549	-1111
31688	9942305	5153979	1	0	88	100549	-1111
31689	9942304	5153979	0	0	88	100551	-1113
31690	9942303	5153979	0	0	88	100549	-1111
31691	9942302	5153979	0	0	88	100547	-1110
31692	9942302	5153979	0	0	88	100550	-1112
31693	9942302	5153979	1	0	88	100551	-1113
31694	9942302	5153979	1	0	88	100547	-1110
31695	9942302	5153979	0	0	88	100554	-1116
31696	9942302	5153979	0	0	88	100548	-1111
31697	9942302	5153979	0	0	88	100549	-1111
31698	9942302	5153979	0	0	88	100559	-1120
31699	9942302	5153979	0	0	88	100553	-1115
31700	9942302	5153979	0	0	88	100554	-1116
31701	9942302	5153979	0	0	88	100551	-1113
31702	9942302	5153979	0	0	88	100545	-1108
31703	9942302	5153979	18	0	88	100548	-1111
31704	9942302	5153979	16	0	88	100549	-1111
31705	9942302	5153979	16	0	88	100547	-1110
31706	9942303	5153979	33	0	88	100553	-1115
31707	9942303	5153979	14	0	88	100551	-1113
31708	9942304	5153979	0	0	87	100545	-1108
31709	9942304	5153979	0	0	87	100543	-1106
31710	9942305	5153979	0	0	87	100538	-1102
31711	9942305	5153979	0	0	87	100548	-1111
31712	9942305	5153979	0	0	87	100544	-1107
31713	9942305	5153979	0	0	87	100547	-1110
31714	9942305	5153979	0	0	87	100547	-1110
31715	9942305	5153979	18	0	87	100543	-1106
31716	9942305	5153979	16	0	87	100547	-1110
31717	9942305	5153979	16	0	87	100548	-1111
31718	9942305	5153979	0	0	87	100549	-1111
31719	9942305	5153979	0	0	87	100535	-1100
31720	9942305	5153979	0	0	87	100550	-1112
31721	9942305	5153979	0	489	87	100547	-1110
31722	9942305	5153979	0	585	87	100545	-1108
31723	9942305	5153979	488	782	87	100543	-1106
31724	9942307	5153978	970	905	87	100539	-1103
31725	9942310	5153976	1163	738	87	100538	-1102
31726	9942317	5153974	1170	971	87	100533	-1098
31727	9942327	5153970	1235	815	87	100542	-1106
31728	9942338	5153966	1303	1269	87	100537	-1101
31729	9942351	5153963	1422	1387	87	100541	-1105
31730	9942364	5153959	1368	1475	87	100542	-1106
31731	9942374	5153956	1379	1526	87	100541	-1105
31732	9942374	5153956	1379	1563	87	100541	-1105
31733	9942381	5153949	1509	1631	87	100537	-1101
31734	9942379	5153946	1576	1704	87	100544	-1107
31735	9942378	5153942	1479	1757	87	100538	-1102
31736	9942379	5153938	1489	1768	87	100541	-1105
31737	9942379	5153938	1489	1770	87	100545	-1108
31738	9942390	5153931	1701	1511	86	100539	-1103
31739	9942398	5153927	1644	1621	86	100546	-1109
31740	9942407	5153923	1737	1633	86	100540	-1104
31741	9942413	5153919	1618	1634	86	100536	-1100
31742	9942413	5153919	1618	1691	86	100536	-1100
31743	9942425	5153910	1631	1791	86	100541	-1105
31744	9942426	5153906	1777	1860	86	100542	-1106
31745	9942423	5153902	1722	1902	86	100547	-1110
31746	9942417	5153898	1814	1843	86	100544	-1107
31747	9942417	5153898	1814	1805	86	100537	-1101
31748	9942410	5153888	1779	1826	86	100534	-1099
31749	9942411	5153884	1770	1886	85	100531	-1096
31750	9942419	5153880	1737	1961	85	100532	-1097
31751	9942427	5153875	1894	1982	85	100534	-1099
31752	9942427	5153875	1894	1993	85	100537	-1101
31753	9942444	5153865	2037	2029	85	100534	-1099
31754	9942451	5153860	2024	1716	85	100530	-1095
31755	9942458	5153856	1937	1810	85	100539	-1103
31756	9942465	5153850	1931	1886	85	100533	-1098
31757	9942465	5153850	1931	1915	85	100529	-1095
31758	9942480	5153840	1970	1898	85	100532	-1097
31759	9942490	5153835	1779	1829	84	100532	-1097
31760	9942499	5153830	1770	1803	84	100532	-1097
31761	9942510	5153826	1692	1773	84	100531	-1096
31762	9942520	5153821	1764	1737	84	100541	-1105
31763	9942529	5153817	1657	1704	84	100544	-1107
31764	9942537	5153813	1526	1666	84	100536	-1100
31765	9942541	5153808	1529	1247	84	100536	-1100
31766	9942545	5153804	1568	1433	84	100525	-1091
31767	9942546	5153800	1520	1746	84	100535	-1100
31768	9942546	5153797	1366	1898	84	100538	-1102
31769	9942541	5153793	1539	1923	83	100532	-1097
31770	9942534	5153790	1783	1937	83	100537	-1101
31771	9942523	5153786	1852	1719	83	100540	-1104
31772	9942523	5153786	1852	1910	83	100546	-1109
31773	9942491	5153777	1922	1736	83	100544	-1107
31774	9942470	5153772	1889	1969	83	100531	-1096
31775	9942440	5153767	1900	1793	83	100539	-1103
31776	9942405	5153762	1902	2059	82	100539	-1103
31777	9942405	5153762	1902	2104	82	100533	-1098
31778	9942326	5153753	2046	1874	82	100544	-1107
31779	9942287	5153749	2142	2091	82	100541	-1105
31780	9942251	5153743	2135	2078	82	100553	-1115
31781	9942213	5153738	2066	1813	82	100549	-1111
31782	9942213	5153738	2066	2023	81	100543	-1106
31783	9942139	5153728	1963	2022	81	100546	-1109
31784	9942097	5153724	1959	2037	81	100548	-1111
31785	9942057	5153719	1927	2000	81	100558	-1119
31786	9942019	5153715	2018	2038	81	100559	-1120
31787	9942019	5153715	2018	2077	81	100558	-1119
31788	9941956	5153705	2026	1790	80	100557	-1118
31789	9941936	5153699	2096	1985	80	100557	-1118
31790	9941924	5153694	1881	2011	80	100554	-1116
31791	9941919	5153689	1827	2049	80	100550	-1112
31792	9941919	5153689	1827	2051	80	100564	-1124
31793	9941909	5153679	1944	1990	80	100564	-1124
31794	9941903	5153674	1942	1979	80	100559	-1120
31795	9941898	5153669	1998	1958	79	100571	-1130
31796	9941895	5153664	1896	1944	79	100566	-1126
31797	9941895	5153664	1896	1886	79	100566	-1126
31798	9941883	5153655	1753	1724	79	100561	-1122
31799	9941875	5153650	1855	2036	79	100559	-1120
31800	9941865	5153645	1981	2080	79	100563	-1123
31801	9941860	5153640	1992	1781	78	100563	-1123
31802	9941858	5153635	1989	1932	78	100565	-1125
31803	9941863	5153630	1902	1939	78	100560	-1121
31804	9941875	5153625	1866	1915	78	100559	-1120
31805	9941891	5153621	1816	1960	78	100565	-1125
31806	9941908	5153616	1818	2040	78	100561	-1122
31807	9941921	5153611	1894	2107	78	100560	-1121
31808	9941930	5153606	2083	2076	78	100555	-1116
31809	9941931	5153601	2074	1793	77	100555	-1116
31810	9941929	5153596	1931	2012	77	100560	-1121
31811	9941931	5153591	1922	2067	77	100558	-1119
31812	9941935	5153586	2040	2133	77	100551	-1113
31813	9941944	5153581	2042	2098	77	100548	-1111
31814	9941956	5153576	2105	1799	77	100549	-1111
31815	9941967	5153570	2144	2067	77	100542	-1106
31816	9941975	5153565	2133	2127	77	100549	-1111
31817	9941975	5153565	2133	1856	77	100542	-1106
31818	9941984	5153555	2111	2049	76	100541	-1105
31819	9941990	5153549	2100	2057	76	100540	-1104
31820	9941997	5153544	1955	1789	76	100534	-1099
31821	9942001	5153538	2007	1947	76	100530	-1095
31822	9942002	5153533	1946	1682	76	100527	-1093
31823	9941999	5153528	1805	1809	76	100521	-1088
31824	9941994	5153523	1813	1768	76	100524	-1090
31825	9941988	5153518	1639	1684	76	100520	-1087
31826	9941984	5153513	1677	1640	76	100518	-1085
31827	9941983	5153509	1533	1230	76	100514	-1082
31828	9941986	5153505	1563	1333	76	100511	-1079
31829	9941990	5153502	1459	1486	76	100509	-1078
31830	9941994	5153498	1501	1117	76	100503	-1073
31831	9941999	5153494	1279	928	76	100504	-1074
31832	9941999	5153494	1279	1102	75	100502	-1072
31833	9942007	5153488	1048	992	76	100507	-1076
31834	9942007	5153484	944	1005	76	100509	-1078
31835	9942005	5153481	1038	1237	76	100506	-1075
31836	9942000	5153479	1303	1283	75	100502	-1072
31837	9942000	5153479	1303	1004	76	100510	-1079
31838	9941994	5153473	1370	1410	76	100508	-1077
31839	9941996	5153470	1416	1532	76	100508	-1077
31840	9942001	5153467	1411	1573	76	100501	-1071
31841	9942009	5153463	1503	1591	76	100497	-1068
31842	9942009	5153463	1503	1625	76	100499	-1069
31843	9942025	5153456	1487	1628	76	100500	-1070
31844	9942030	5153452	1351	1221	76	100503	-1073
31845	9942034	5153449	1357	1362	75	100497	-1068
31846	9942039	5153446	1557	1645	75	100495	-1066
31847	9942044	5153442	1750	1779	75	100499	-1069
31848	9942050	5153438	1876	1851	75	100498	-1069
31849	9942056	5153434	1794	1666	75	100502	-1072
31850	9942060	5153429	1833	1856	75	100494	-1065
31851	9942063	5153424	1929	1885	75	100488	-1060
31852	9942066	5153419	1924	1884	75	100498	-1069
31853	9942069	5153414	1896	1880	75	100497	-1068
31854	9942072	5153409	1898	1847	75	100494	-1065
31855	9942074	5153405	1894	1816	75	100496	-1067
31856	9942074	5153400	1861	1833	75	100505	-1074
31857	9942068	5153395	1966	1857	74	100505	-1074
31858	9942054	5153390	1896	1896	74	100503	-1073
31859	9942030	5153385	1772	1946	74	100501	-1071
31860	9941993	5153381	1777	1780	74	100504	-1074
31861	9941950	5153378	1813	2091	74	100509	-1078
31862	9941902	5153373	1972	2211	74	100515	-1083
31863	9941848	5153370	2087	2258	74	100522	-1089
31864	9941789	5153367	2183	2032	73	100512	-1080
31865	9941724	5153364	2227	1996	73	100525	-1091
31866	9941656	5153360	2159	2020	73	100530	-1095
31867	9941584	5153356	2231	2303	73	100533	-1098
31868	9941509	5153353	2229	2542	73	100531	-1096
31869	9941433	5153350	2224	2621	73	100531	-1096
31870	9941352	5153348	2253	2534	73	100542	-1106
31871	9941267	5153346	2309	1961	72	100538	-1102
31872	9941267	5153346	2309	1844	72	100552	-1114
31873	9941099	5153343	1727	1834	72	100549	-1111
31874	9941023	5153341	1583	1887	72	100554	-1116
31875	9940957	5153339	1420	1962	72	100549	-1111
31876	9940905	5153337	1122	1795	72	100556	-1117
31877	9940860	5153334	1353	2125	72	100557	-1118
31878	9940821	5153332	1490	2210	71	100550	-1112
31879	9940781	5153328	1753	2282	71	100561	-1122
31880	9940726	5153324	2150	2328	71	100570	-1129
31881	9940661	5153319	2226	2048	71	100577	-1135
31882	9940584	5153314	2390	1973	71	100566	-1126
31883	9940500	5153309	2350	1964	71	100567	-1127
31884	9940418	5153304	2355	1995	71	100573	-1132
31885	9940336	5153300	2316	2020	71	100569	-1128
31886	9940259	5153296	2398	2256	71	100573	-1132
31887	9940182	5153292	2352	2451	70	100573	-1132
31888	9940108	5153288	2346	2500	70	100578	-1136
31889	9940033	5153283	2353	2527	70	100587	-1143
31890	9939962	5153279	2487	2521	70	100593	-1148
31891	9939894	5153275	2477	2519	70	100586	-1143
31892	9939826	5153270	2472	2359	70	100586	-1143
31893	9939758	5153265	2463	2492	70	100593	-1148
31894	9939687	5153261	2424	2504	69	100594	-1149
31895	9939620	5153256	2413	2490	69	100594	-1149
31896	9939556	5153251	2407	2470	69	100601	-1155
31897	9939498	5153246	2363	2436	69	100603	-1157
31898	9939439	5153240	2376	2115	69	100607	-1160
31899	9939376	5153235	2324	2022	69	100600	-1154
31900	9939308	5153230	2105	1986	69	100598	-1153
31901	9939238	5153226	2227	1957	69	100599	-1153
31902	9939163	5153222	2270	2328	69	100607	-1160
31903	9939090	5153219	2240	2107	68	100604	-1158
31904	9939015	5153216	2194	2063	68	100605	-1159
31905	9938937	5153213	2300	2240	68	100607	-1160
31906	9938859	5153211	2290	2394	68	100605	-1159
31907	9938778	5153208	2294	2398	68	100603	-1157
31908	9938694	5153206	2339	2385	68	100613	-1165
31909	9938609	5153204	2250	2373	68	100615	-1167
31910	9938524	5153203	2250	2340	68	100618	-1169
31911	9938439	5153201	2150	2305	67	100625	-1175
31912	9938358	5153199	2096	1969	67	100620	-1171
31913	9938284	5153197	1996	2135	67	100623	-1174
31914	9938211	5153195	1931	2036	67	100622	-1173
31915	9938139	5153193	1970	1952	67	100619	-1170
31916	9938068	5153192	1833	1838	67	100624	-1174
31917	9937992	5153190	1714	1669	67	100624	-1174
31918	9937916	5153189	1711	1470	67	100633	-1182
31919	9937848	5153187	1261	1371	67	100635	-1184
31920	9937798	5153185	983	997	67	100625	-1175
31921	9937764	5153182	848	1232	67	100633	-1182
31922	9937758	5153180	898	1253	67	100628	-1178
31923	9937769	5153178	831	1265	67	100634	-1183
31924	9937784	5153177	718	1239	67	100627	-1177
31925	9937804	5153175	757	1112	67	100630	-1180
31926	9937820	5153174	713	1037	67	100619	-1170
31927	9937834	5153171	751	1075	67	100627	-1177
31928	9937846	5153170	742	1256	67	100629	-1179
31929	9937857	5153168	748	1410	67	100623	-1174
31930	9937867	5153166	1046	1104	67	100626	-1176
31931	9937876	5153163	1001	1546	67	100619	-1170
31932	9937891	5153160	1159	1759	67	100622	-1173
31933	9937910	5153156	1387	1647	66	100621	-1172
31934	9937930	5153153	1342	1875	66	100621	-1172
31935	9937955	5153150	1420	1723	66	100626	-1176
31936	9937979	5153146	1505	1942	66	100621	-1172
31937	9938000	5153143	1403	1754	66	100619	-1170
31938	9938021	5153140	1353	2006	66	100619	-1170
31939	9938042	5153136	1570	2036	66	100616	-1168
31940	9938063	5153132	1577	2003	66	100617	-1169
31941	9938086	5153128	1581	1950	66	100625	-1175
31942	9938108	5153124	1455	1871	66	100616	-1168
31943	9938128	5153121	1329	1568	66	100621	-1172
31944	9938148	5153117	1244	1736	66	100612	-1164
31945	9938169	5153114	1476	1779	66	100621	-1172
31946	9938196	5153110	1659	1767	66	100620	-1171
31947	9938225	5153106	1563	1704	66	100616	-1168
31948	9938258	5153102	1485	1255	66	100614	-1166
31949	9938288	5153099	1372	1409	66	100613	-1165
31950	9938316	5153095	1577	1699	66	100614	-1166
31951	9938338	5153092	1564	1797	66	100621	-1172
31952	9938354	5153087	1561	1796	65	100612	-1164
31953	9938366	5153083	1422	1507	65	100611	-1164
31954	9938375	5153079	1344	1598	65	100614	-1166
31955	9938387	5153075	1416	1596	65	100614	-1166
31956	9938397	5153071	1522	1162	65	100617	-1169
31957	9938397	5153071	1522	1325	65	100612	-1164
31958	9938425	5153057	924	1430	65	100617	-1169
31959	9938435	5153049	535	1595	65	100616	-1168
31960	9938439	5153042	590	1768	65	100614	-1166
31961	9938418	5153037	1398	1961	65	100615	-1167
31962	9938418	5153037	1398	2030	65	100608	-1161
31963	9938317	5153031	1876	1804	65	100615	-1167
31964	9938242	5153031	1814	2039	65	100618	-1169
31965	9938169	5153032	1811	2067	64	100615	-1167
31966	9938088	5153031	1939	2064	65	100623	-1174
31967	9938088	5153031	1939	2080	64	100615	-1167
31968	9937906	5153029	1955	1847	64	100624	-1174
31969	9937803	5153028	2105	2141	64	100623	-1174
31970	9937704	5153027	2061	2214	64	100627	-1177
31971	9937608	5153027	2005	2211	64	100630	-1180
31972	9937517	5153026	1933	1972	64	100632	-1181
31973	9937440	5153026	1664	1923	64	100628	-1178
31974	9937366	5153026	1805	2238	64	100631	-1180
31975	9937295	5153025	1764	2283	64	100631	-1180
31976	9937219	5153024	1889	2289	64	100631	-1180
31977	9937134	5153024	1972	2278	64	100636	-1185
31978	9937048	5153024	1940	2285	64	100638	-1186
31979	9936960	5153024	1824	2265	64	100636	-1185
31980	9936874	5153023	1887	2115	64	100637	-1185
31981	9936788	5153023	1939	1734	64	100639	-1187
31982	9936788	5153023	1939	1704	64	100641	-1189
31983	9936613	5153023	1609	1872	63	100644	-1191
31984	9936522	5153023	1677	1959	63	100638	-1186
31985	9936435	5153025	1605	2033	63	100647	-1194
31986	9936348	5153026	1746	2104	63	100645	-1192
31987	9936348	5153026	1746	1905	63	100649	-1195
31988	9936197	5153025	1826	2187	63	100648	-1195
31989	9936119	5153024	1889	2249	63	100642	-1190
31990	9936042	5153023	2063	2228	63	100651	-1197
31991	9935959	5153021	2033	2222	63	100651	-1197
31992	9935870	5153018	2037	1947	63	100653	-1199
31993	9935780	5153016	1922	2220	63	100648	-1195
31994	9935682	5153013	2072	2255	63	100654	-1200
31995	9935592	5153011	2059	2231	63	100653	-1199
31996	9935503	5153011	1935	2182	63	100655	-1201
31997	9935503	5153011	1935	2134	63	100654	-1200
31998	9935347	5153009	1981	2086	63	100652	-1198
31999	9935273	5153008	1881	2061	63	100660	-1205
32000	9935205	5153006	1777	1779	63	100658	-1203
32001	9935140	5153004	1707	1861	63	100660	-1205
32002	9935140	5153004	1707	1766	63	100670	-1213
32003	9935019	5153001	1377	1501	63	100670	-1213
32004	9934965	5153000	1164	1326	63	100658	-1203
32005	9934916	5152998	1259	1326	63	100666	-1210
32006	9934870	5152995	1257	1340	63	100667	-1211
32007	9934828	5152992	1090	1716	63	100657	-1202
32008	9934793	5152989	1185	1863	63	100654	-1200
32009	9934769	5152986	1346	1688	63	100666	-1210
32010	9934755	5152983	1522	1918	63	100660	-1205
32011	9934752	5152979	1631	1746	63	100658	-1203
32012	9934752	5152979	1631	2039	63	100660	-1205
32013	9934745	5152970	2209	2117	62	100658	-1203
32014	9934742	5152966	2257	2191	62	100667	-1211
32015	9934740	5152961	2211	2227	62	100660	-1205
32016	9934742	5152955	2146	2185	62	100673	-1216
32017	9934747	5152950	2135	2091	62	100666	-1210
32018	9934753	5152944	1889	1905	62	100667	-1211
32019	9934761	5152940	1631	1558	62	100655	-1201
32020	9934767	5152936	1353	1269	62	100669	-1212
32021	9934771	5152932	872	1269	62	100660	-1205
32022	9934771	5152932	872	1269	62	100664	-1208
32023	9934762	5152927	14	0	62	100660	-1205
32024	9934753	5152926	11	0	62	100663	-1207
32025	9934742	5152925	3	0	62	100666	-1210
32026	9934735	5152925	7	0	62	100672	-1215
32027	9934731	5152925	3	470	62	100669	-1212
32028	9934728	5152925	20	638	62	100664	-1208
32029	9934727	5152925	44	620	62	100661	-1206
32030	9934732	5152924	50	1273	62	100662	-1206
32031	9934744	5152924	863	1337	62	100664	-1208
32032	9934744	5152924	863	1482	62	100665	-1209
32033	9934796	5152920	1294	1574	62	100665	-1209
32034	9934825	5152916	1424	1637	62	100658	-1203
32035	9934847	5152913	1324	1583	62	100662	-1206
32036	9934849	5152910	1313	1601	62	100661	-1206
32037	9934831	5152907	1324	1566	62	100668	-1211
32038	9934799	5152904	1383	1559	62	100668	-1211
32039	9934754	5152902	1559	1584	62	100662	-1206
32040	9934704	5152901	1498	1545	62	100661	-1206
32041	9934649	5152900	1431	1100	62	100667	-1211
32042	9934649	5152900	1431	1062	62	100669	-1212
32043	9934544	5152898	875	918	62	100671	-1214
32044	9934502	5152898	503	918	62	100667	-1211
32045	9934471	5152897	7	918	62	100683	-1224
32046	9934452	5152897	3	0	62	100672	-1215
32047	9934452	5152897	3	0	62	100669	-1212
32048	9934442	5152897	5	0	62	100678	-1220
32049	9934443	5152898	3	0	62	100676	-1218
32050	9934444	5152898	9	526	62	100669	-1212
32051	9934444	5152898	24	669	62	100676	-1218
32052	9934444	5152898	24	829	62	100675	-1217
32053	9934435	5152897	46	829	62	100669	-1212
32054	9934422	5152897	53	552	62	100673	-1216
32055	9934402	5152896	707	721	62	100675	-1217
32056	9934376	5152895	874	907	62	100678	-1220
32057	9934376	5152895	874	1277	62	100672	-1215
32058	9934308	5152892	1335	1503	62	100673	-1216
32059	9934275	5152889	1564	1635	62	100678	-1220
32060	9934244	5152886	1626	1746	62	100670	-1213
32061	9934222	5152883	1733	1953	62	100667	-1211
32062	9934208	5152878	1811	2116	62	100672	-1215
32063	9934198	5152874	1820	2159	62	100674	-1217
32064	9934193	5152869	2031	2193	62	100676	-1218
32065	9934184	5152864	2039	2194	62	100672	-1215
32066	9934175	5152859	2146	2175	62	100677	-1219
32067	9934175	5152859	2146	2165	62	100674	-1217
32068	9934155	5152848	2200	1908	62	100669	-1212
32069	9934149	5152843	2122	2181	61	100669	-1212
32070	9934143	5152837	2126	2222	61	100667	-1211
32071	9934139	5152831	2118	2228	61	100664	-1208
32072	9934139	5152831	2118	1960	61	100672	-1215
32073	9934134	5152820	2061	2230	61	100676	-1218
32074	9934134	5152815	2070	2284	61	100668	-1211
32075	9934132	5152810	2198	2296	61	100668	-1211
32076	9934129	5152804	2235	2296	61	100669	-1212
32077	9934125	5152799	2237	2276	61	100670	-1213
32078	9934119	5152793	2150	2232	61	100668	-1211
32079	9934114	5152787	2070	2223	61	100678	-1220
32080	9934114	5152781	2189	1959	61	100670	-1213
32081	9934114	5152776	2087	2183	61	100680	-1222
32082	9934114	5152776	2087	2199	60	100667	-1211
32083	9934121	5152765	2235	2188	60	100673	-1216
32084	9934122	5152759	2055	1831	60	100674	-1217
32085	9934124	5152754	1837	1947	60	100671	-1214
32086	9934129	5152749	1800	1659	60	100673	-1216
32087	9934129	5152749	1800	1769	60	100674	-1217
32088	9934141	5152738	1651	1494	60	100669	-1212
32089	9934147	5152733	1307	1293	60	100668	-1211
32090	9934147	5152730	1111	1119	60	100671	-1214
32091	9934141	5152726	898	1006	60	100667	-1211
32092	9934141	5152726	898	1034	60	100668	-1211
32093	9934122	5152722	781	1052	60	100662	-1206
32094	9934110	5152720	511	989	60	100658	-1203
32095	9934093	5152718	668	1105	60	100661	-1206
32096	9934070	5152717	707	1181	60	100660	-1205
32097	9934040	5152716	851	1356	60	100661	-1206
32098	9934004	5152717	961	1425	60	100664	-1208
32099	9933961	5152717	1107	971	60	100656	-1201
32100	9933914	5152717	1263	971	60	100655	-1201
32101	9933857	5152718	1483	677	60	100656	-1201
32102	9933793	5152719	1448	1039	59	100649	-1195
32103	9933727	5152718	1324	834	60	100661	-1206
32104	9933662	5152719	1122	899	60	100656	-1201
32105	9933608	5152719	851	794	60	100655	-1201
32106	9933565	5152719	661	722	60	100654	-1200
32107	9933531	5152720	24	722	60	100662	-1206
32108	9933505	5152720	5	722	60	100664	-1208
32109	9933487	5152720	5	0	60	100663	-1207
32110	9933476	5152719	12	0	60	100656	-1201
32111	9933474	5152719	12	0	60	100663	-1207
32112	9933474	5152719	12	0	60	100662	-1206
32113	9933477	5152719	0	0	60	100666	-1210
32114	9933480	5152719	5	0	60	100660	-1205
32115	9933481	5152719	7	0	60	100657	-1202
32116	9933481	5152719	7	0	60	100659	-1204
32117	9933481	5152719	0	0	60	100657	-1202
32118	9933481	5152720	0	0	60	100660	-1205
32119	9933481	5152720	0	0	60	100659	-1204
32120	9933481	5152720	0	0	60	100660	-1205
32121	9933481	5152720	0	0	60	100666	-1210
32122	9933482	5152720	7	0	60	100663	-1207
32123	9933483	5152720	0	0	60	100666	-1210
32124	9933484	5152720	0	0	60	100655	-1201
32125	9933485	5152720	5	0	60	100661	-1206
