#Zeit [s]	longitude [1e6]	Latitude [1e5]	GPSSpeed [1e2 km/h] 	Tacho [1e2 km/h] 	Temperatur [10 C] 	Druck [Pa] 	HoeheSee [10 m]
31703	9941896	5155834	59	0	211	100809	-1330
31704	9941895	5155834	64	0	211	100808	-1329
31705	9941895	5155834	57	0	211	100807	-1328
31706	9941891	5155834	38	0	211	100805	-1327
31707	9941886	5155834	22	0	211	100802	-1324
31708	9941880	5155835	16	0	211	100809	-1330
31709	9941874	5155836	27	0	211	100811	-1332
31710	9941871	5155837	61	0	211	100814	-1334
31711	9941872	5155837	57	0	211	100809	-1330
31712	9941874	5155838	16	0	211	100813	-1333
31713	9941876	5155838	18	0	211	100807	-1328
31714	9941876	5155838	18	0	211	100809	-1330
31715	9941879	5155838	29	0	210	100802	-1324
31716	9941886	5155839	27	0	210	100806	-1327
31717	9941887	5155839	20	0	210	100805	-1327
31718	9941887	5155839	20	0	210	100808	-1329
31719	9941888	5155839	24	371	210	100809	-1330
31720	9941890	5155839	38	371	210	100806	-1327
31721	9941891	5155839	42	371	210	100804	-1326
31722	9941892	5155839	124	0	210	100809	-1330
31723	9941893	5155839	127	305	210	100805	-1327
31724	9941893	5155839	127	305	210	100804	-1326
31725	9941894	5155839	105	343	210	100806	-1327
31726	9941900	5155838	161	343	210	100812	-1332
31727	9941907	5155838	153	343	209	100805	-1327
31728	9941916	5155837	142	0	209	100806	-1327
31729	9941922	5155837	137	0	209	100811	-1332
31730	9941926	5155837	100	0	209	100807	-1328
31731	9941928	5155837	70	146	209	100812	-1332
31732	9941930	5155838	127	460	209	100806	-1327
31733	9941939	5155837	424	995	209	100810	-1331
31734	9941960	5155837	744	1167	209	100805	-1327
31735	9941994	5155836	1220	1332	209	100807	-1328
31736	9942037	5155835	1238	1411	208	100804	-1326
31737	9942084	5155835	1229	1411	208	100799	-1321
31738	9942135	5155835	1285	892	208	100810	-1331
31739	9942187	5155835	1364	1185	208	100799	-1321
31740	9942241	5155835	1168	962	208	100805	-1327
31741	9942293	5155835	1072	847	208	100806	-1327
31742	9942342	5155836	1138	1290	207	100802	-1324
31743	9942392	5155836	1338	1022	207	100798	-1321
31744	9942444	5155836	1505	1283	207	100803	-1325
31745	9942499	5155836	1413	892	207	100804	-1326
31746	9942556	5155837	1307	1147	207	100801	-1323
31747	9942612	5155837	1250	1337	206	100800	-1322
31748	9942663	5155838	948	1314	206	100799	-1321
31749	9942709	5155839	788	1188	206	100806	-1327
31750	9942747	5155840	729	1128	206	100805	-1327
31751	9942782	5155841	948	1094	206	100799	-1321
31752	9942813	5155842	374	1139	206	100803	-1325
31753	9942839	5155843	222	1339	205	100807	-1328
31754	9942857	5155843	1085	1525	205	100806	-1327
31755	9942866	5155842	1361	1675	205	100799	-1321
31756	9942870	5155839	1487	1736	204	100803	-1325
31757	9942871	5155836	1583	1510	204	100801	-1323
31758	9942875	5155832	1535	1666	204	100797	-1320
31759	9942877	5155827	1648	1645	203	100794	-1317
31760	9942877	5155823	1557	1197	203	100797	-1320
31761	9942879	5155818	1107	1285	203	100797	-1320
31762	9942878	5155814	1164	1359	202	100792	-1316
31763	9942880	5155810	1168	1328	202	100788	-1312
31764	9942890	5155807	1198	1305	202	100783	-1308
31765	9942909	5155804	1103	1287	201	100781	-1306
31766	9942938	5155801	976	1285	201	100786	-1311
31767	9942976	5155799	1087	1285	201	100777	-1303
31768	9943016	5155798	1068	1036	201	100772	-1299
31769	9943061	5155797	1005	984	201	100782	-1307
31770	9943105	5155796	833	984	200	100779	-1305
31771	9943143	5155795	318	984	200	100778	-1304
31772	9943172	5155795	33	0	200	100779	-1305
31773	9943191	5155794	20	860	200	100778	-1304
31774	9943202	5155794	275	751	200	100775	-1301
31775	9943211	5155793	385	840	199	100773	-1300
31776	9943226	5155793	553	1123	199	100771	-1298
31777	9943251	5155792	1040	1237	199	100770	-1297
31778	9943286	5155791	1387	1290	199	100769	-1296
31779	9943335	5155790	1472	1508	198	100769	-1296
31780	9943390	5155790	1503	1601	198	100765	-1293
31781	9943450	5155788	1492	1664	198	100770	-1297
31782	9943502	5155786	1576	1668	197	100768	-1295
31783	9943541	5155784	1274	1624	197	100773	-1300
31784	9943560	5155781	1301	1592	197	100763	-1291
31785	9943560	5155777	1492	1743	196	100771	-1298
31786	9943548	5155774	1827	1998	196	100766	-1294
31787	9943532	5155769	1818	2155	195	100769	-1296
31788	9943510	5155765	2007	2157	195	100767	-1295
31789	9943485	5155760	2000	1913	194	100774	-1301
31790	9943453	5155755	2053	2226	194	100771	-1298
31791	9943417	5155750	2113	2336	193	100776	-1302
31792	9943378	5155744	2157	2376	193	100770	-1297
31793	9943340	5155739	2259	2415	192	100775	-1301
31794	9943304	5155733	2335	2422	191	100772	-1299
31795	9943272	5155728	2331	2439	191	100773	-1300
31796	9943242	5155722	2039	2448	190	100771	-1298
31797	9943213	5155716	2098	2449	189	100771	-1298
31798	9943186	5155710	2181	2151	189	100768	-1295
31799	9943156	5155704	2063	2284	188	100774	-1301
31800	9943124	5155698	2205	2479	188	100781	-1306
31801	9943090	5155693	2374	2483	187	100777	-1303
31802	9943051	5155687	2361	2461	187	100779	-1305
31803	9943010	5155682	2370	2476	186	100774	-1301
31804	9942966	5155677	2361	2485	185	100769	-1296
31805	9942922	5155671	2350	2501	185	100775	-1301
31806	9942879	5155665	2339	2384	184	100769	-1296
31807	9942836	5155660	2477	2527	183	100776	-1302
31808	9942792	5155654	2439	2543	182	100774	-1301
31809	9942745	5155648	2365	2539	182	100778	-1304
31810	9942699	5155642	2326	2225	181	100778	-1304
31811	9942658	5155636	2244	2336	180	100771	-1298
31812	9942619	5155631	2248	2488	179	100778	-1304
31813	9942583	5155625	2381	2486	178	100774	-1301
31814	9942546	5155619	2379	2484	178	100776	-1302
31815	9942505	5155614	2411	2487	177	100775	-1301
31816	9942460	5155607	2503	2184	177	100780	-1306
31817	9942413	5155601	2470	2307	176	100784	-1309
31818	9942366	5155595	2531	2489	176	100780	-1306
31819	9942321	5155589	2522	2512	175	100776	-1302
31820	9942278	5155583	2509	2504	174	100779	-1305
31821	9942238	5155577	2476	2529	174	100781	-1306
31822	9942196	5155570	2507	2390	173	100780	-1306
31823	9942154	5155564	2513	2546	172	100783	-1308
31824	9942154	5155564	2513	2590	171	100782	-1307
31825	9942114	5155558	2520	2585	171	100785	-1310
31826	9942073	5155551	2198	2438	170	100790	-1314
31827	9942038	5155546	1905	2595	169	100781	-1306
31828	9941983	5155535	2196	2625	168	100787	-1311
31829	9941983	5155535	2196	2501	168	100794	-1317
31830	9941928	5155525	2277	2659	167	100781	-1306
31831	9941928	5155525	2277	2685	167	100792	-1316
31832	9941893	5155519	2483	2523	166	100795	-1318
31833	9941853	5155513	2589	2696	165	100803	-1325
31834	9941810	5155507	2576	2720	164	100797	-1320
31835	9941765	5155501	2515	2722	164	100804	-1326
31836	9941723	5155494	2613	2737	163	100806	-1327
31837	9941681	5155488	2550	2745	162	100804	-1326
31838	9941641	5155482	2763	2759	162	100802	-1324
31839	9941601	5155476	2476	2769	160	100808	-1329
31840	9941559	5155470	2427	2788	160	100810	-1331
31841	9941517	5155464	2435	2809	159	100818	-1337
31842	9941475	5155458	2381	2841	158	100821	-1340
31843	9941432	5155452	2381	2862	158	100819	-1338
31844	9941389	5155446	2440	2677	157	100825	-1343
31845	9941343	5155440	2489	2807	156	100829	-1347
31846	9941299	5155433	2605	2805	156	100835	-1352
31847	9941257	5155427	2533	2795	155	100839	-1355
31848	9941216	5155421	2694	2794	154	100845	-1360
31849	9941176	5155414	2626	2769	154	100835	-1352
31850	9941138	5155408	2696	2753	153	100846	-1361
31851	9941100	5155401	2765	2692	152	100850	-1364
31852	9941020	5155388	2237	2593	152	100850	-1364
31853	9941020	5155388	2237	2477	152	100850	-1364
31854	9940976	5155382	2240	2074	152	100857	-1370
31855	9940931	5155377	2140	1814	152	100857	-1370
31856	9940887	5155372	1948	1627	151	100859	-1372
31857	9940847	5155367	1789	1466	151	100859	-1372
31858	9940808	5155362	1548	1118	151	100862	-1374
31859	9940763	5155358	1083	1118	151	100862	-1374
31860	9940714	5155354	557	1118	151	100864	-1376
31861	9940714	5155354	557	0	151	100866	-1378
31862	9940667	5155352	9	0	151	100859	-1372
31863	9940625	5155350	3	0	151	100861	-1374
31864	9940600	5155349	3	0	151	100857	-1370
31865	9940589	5155349	1	0	151	100864	-1376
31866	9940584	5155349	0	0	151	100860	-1373
31867	9940584	5155349	0	0	151	100863	-1375
31868	9940585	5155349	0	0	151	100863	-1375
31869	9940585	5155349	0	0	150	100862	-1374
31870	9940585	5155349	0	0	150	100858	-1371
31871	9940585	5155349	0	0	150	100861	-1374
31872	9940585	5155349	0	0	150	100862	-1374
31873	9940585	5155349	0	0	150	100861	-1374
31874	9940585	5155349	0	0	150	100857	-1370
31875	9940585	5155349	0	0	150	100858	-1371
31876	9940585	5155349	0	147	150	100863	-1375
31877	9940585	5155349	0	885	150	100866	-1378
31878	9940579	5155348	970	1343	149	100857	-1370
31879	9940579	5155348	970	1633	149	100863	-1375
31880	9940568	5155346	1420	1812	149	100871	-1382
31881	9940523	5155340	1763	1697	148	100864	-1376
31882	9940493	5155336	1898	1955	148	100869	-1380
31883	9940460	5155332	2050	1780	148	100868	-1379
31884	9940428	5155327	2107	2100	147	100872	-1383
31885	9940392	5155322	2179	2221	147	100870	-1381
31886	9940356	5155317	2048	2241	146	100872	-1383
31887	9940321	5155312	2063	1963	146	100874	-1384
31888	9940284	5155307	2059	2130	145	100874	-1384
31889	9940250	5155303	1753	2030	145	100875	-1385
31890	9940220	5155298	1444	1569	145	100877	-1387
31891	9940190	5155294	1242	1619	145	100880	-1389
31892	9940162	5155290	1238	1791	144	100879	-1389
31893	9940133	5155287	1657	2110	144	100881	-1390
31894	9940104	5155283	1937	2372	143	100879	-1389
31895	9940069	5155279	2046	2560	143	100879	-1389
31896	9940025	5155274	2161	2656	143	100890	-1398
31897	9939979	5155269	2263	2715	142	100887	-1395
31898	9939927	5155263	2353	2716	142	100891	-1399
31899	9939873	5155258	2618	2733	141	100890	-1398
31900	9939822	5155252	2626	2728	141	100890	-1398
31901	9939772	5155246	2677	2731	140	100888	-1396
31902	9939722	5155240	2427	2573	140	100887	-1395
31903	9939722	5155240	2427	2738	140	100880	-1389
31904	9939672	5155234	2227	2572	139	100890	-1398
31905	9939563	5155222	2096	2711	138	100892	-1399
31906	9939563	5155222	2096	2547	137	100901	-1407
31907	9939464	5155211	2096	2685	137	100903	-1409
31908	9939425	5155206	2187	2691	136	100896	-1403
31909	9939425	5155206	2187	2696	135	100904	-1410
31910	9939393	5155200	2140	2686	134	100908	-1413
31911	9939362	5155194	2177	2501	133	100903	-1409
31912	9939301	5155182	2444	2650	133	100905	-1410
31913	9939266	5155176	2481	2688	132	100914	-1418
31914	9939266	5155176	2481	2681	132	100908	-1413
31915	9939231	5155169	2522	2686	131	100914	-1418
31916	9939167	5155156	2616	2537	131	100915	-1419
31917	9939167	5155156	2616	2689	130	100913	-1417
31918	9939150	5155149	2722	2701	130	100917	-1420
31919	9939137	5155142	2789	2698	129	100922	-1425
31920	9939114	5155128	2555	2681	129	100914	-1418
31921	9939114	5155128	2555	2491	129	100917	-1420
31922	9939095	5155121	2616	2617	128	100914	-1418
31923	9939071	5155114	2616	2619	128	100917	-1420
31924	9939051	5155107	2677	2454	128	100920	-1423
31925	9939029	5155100	2577	2632	127	100910	-1415
31926	9938988	5155087	2646	2680	127	100926	-1428
31927	9938988	5155087	2646	2533	126	100923	-1426
31928	9938951	5155073	2640	2675	126	100918	-1421
31929	9938951	5155073	2640	2527	126	100931	-1432
31930	9938925	5155060	2724	2652	125	100931	-1432
31931	9938913	5155053	2659	2659	125	100927	-1429
31932	9938913	5155053	2659	2477	125	100927	-1429
31933	9938900	5155040	2629	2581	124	100923	-1426
31934	9938900	5155040	2629	2566	124	100931	-1432
31935	9938890	5155033	2485	2154	124	100935	-1436
31936	9938890	5155033	2485	2243	123	100932	-1433
31937	9938879	5155026	2164	2379	123	100931	-1432
31938	9938868	5155018	2164	2386	123	100940	-1440
31939	9938860	5155011	2250	2341	122	100939	-1439
31940	9938854	5155003	2322	1954	122	100936	-1436
31941	9938852	5154991	2122	2158	122	100932	-1433
31942	9938854	5154985	2079	2191	122	100946	-1445
31943	9938859	5154979	2089	2150	121	100937	-1437
31944	9938859	5154979	2089	1873	121	100937	-1437
31945	9938872	5154969	2000	2154	121	100942	-1441
31946	9938872	5154969	2000	2231	120	100938	-1438
31947	9938892	5154959	1885	2245	120	100944	-1443
31948	9938904	5154954	1896	2231	120	100941	-1441
31949	9938904	5154954	1896	1933	119	100939	-1439
31950	9938913	5154949	1887	2109	119	100940	-1440
31951	9938927	5154941	1807	2067	119	100940	-1440
31952	9938927	5154941	1807	1780	119	100941	-1441
31953	9938929	5154936	1653	2060	119	100943	-1442
31954	9938931	5154931	1620	2163	118	100945	-1444
31955	9938934	5154927	1627	1993	118	100951	-1449
31956	9938943	5154923	1894	1968	118	100946	-1445
31957	9938943	5154923	1894	1973	118	100947	-1446
31958	9938957	5154916	2131	2335	117	100939	-1439
31959	9938974	5154909	2172	2369	117	100950	-1448
31960	9938990	5154902	2046	2398	117	100944	-1443
31961	9939000	5154895	1855	2419	116	100947	-1446
31962	9939007	5154890	2096	2144	116	100941	-1441
31963	9939012	5154884	2198	2249	116	100951	-1449
31964	9939016	5154878	2227	2390	115	100954	-1451
31965	9939025	5154872	2413	2378	115	100938	-1438
31966	9939036	5154859	2361	2343	115	100942	-1441
31967	9939040	5154852	2185	2325	115	100948	-1446
31968	9939044	5154846	2124	2019	114	100946	-1445
31969	9939044	5154846	2124	1979	114	100951	-1449
31970	9939054	5154835	2229	1999	113	100945	-1444
31971	9939066	5154830	2350	2021	113	100946	-1445
31972	9939066	5154830	2350	2236	113	100948	-1446
31973	9939098	5154818	2237	2409	112	100941	-1441
31974	9939098	5154818	2237	2445	112	100950	-1448
31975	9939137	5154806	2181	2436	112	100947	-1446
31976	9939157	5154800	2320	2440	111	100945	-1444
31977	9939157	5154800	2320	2447	111	100948	-1446
31978	9939179	5154794	2422	2460	110	100943	-1442
31979	9939201	5154789	2383	2473	110	100949	-1447
31980	9939249	5154777	2365	2490	110	100948	-1446
31981	9939249	5154777	2365	2358	110	100954	-1451
31982	9939272	5154770	2361	2463	109	100954	-1451
31983	9939322	5154758	2311	2467	109	100948	-1446
31984	9939322	5154758	2311	2472	109	100952	-1450
31985	9939371	5154747	2203	2435	108	100958	-1455
31986	9939371	5154747	2203	2432	108	100955	-1452
31987	9939414	5154736	2309	2457	108	100961	-1457
31988	9939438	5154730	2409	2457	108	100955	-1452
31989	9939438	5154730	2409	2478	107	100951	-1449
31990	9939487	5154718	2381	2330	107	100959	-1456
31991	9939512	5154712	2387	2423	107	100955	-1452
31992	9939512	5154712	2387	2409	107	100956	-1453
31993	9939562	5154700	2290	2391	107	100965	-1461
31994	9939562	5154700	2290	2399	106	100957	-1454
31995	9939588	5154694	2302	2394	106	100964	-1460
31996	9939631	5154681	2468	2379	106	100958	-1455
31997	9939652	5154675	2457	2366	106	100963	-1459
31998	9939673	5154669	2374	2383	106	100962	-1458
31999	9939673	5154669	2374	2404	106	100963	-1459
32000	9939718	5154657	2365	2387	105	100966	-1462
32001	9939718	5154657	2365	2356	105	100960	-1457
32002	9939741	5154651	2366	2352	105	100962	-1458
32003	9939763	5154645	2272	2349	105	100963	-1459
32004	9939784	5154639	2266	2306	105	100969	-1464
32005	9939825	5154628	2190	2301	105	100962	-1458
32006	9939845	5154622	2155	2022	105	100971	-1466
32007	9939864	5154617	2150	1953	104	100966	-1462
32008	9939885	5154612	2333	2288	104	100965	-1461
32009	9939885	5154612	2333	2349	104	100962	-1458
32010	9939929	5154601	2289	2359	103	100962	-1458
32011	9939951	5154595	2279	2356	103	100958	-1455
32012	9939975	5154590	2342	2353	103	100964	-1460
32013	9939975	5154590	2342	2374	102	100964	-1460
32014	9939998	5154584	2327	2385	102	100968	-1463
32015	9940042	5154574	2289	2385	102	100970	-1465
32016	9940063	5154568	2300	2373	102	100971	-1466
32017	9940086	5154563	2466	2305	102	100975	-1469
32018	9940110	5154557	2298	2268	101	100978	-1472
32019	9940110	5154557	2298	2218	101	100982	-1475
32020	9940134	5154551	2292	2185	101	100971	-1466
32021	9940180	5154540	2233	1870	101	100972	-1467
32022	9940180	5154540	2233	2054	101	100978	-1472
32023	9940221	5154529	2139	2029	100	100978	-1472
32024	9940221	5154529	2139	1967	100	100977	-1471
32025	9940261	5154518	1877	1876	100	100976	-1470
32026	9940281	5154513	1757	1779	100	100977	-1471
32027	9940304	5154508	1757	1712	100	100979	-1472
32028	9940304	5154508	1757	1586	100	100984	-1477
32029	9940327	5154503	1687	1353	100	100980	-1473
32030	9940354	5154499	1450	1199	100	100980	-1473
32031	9940382	5154496	1126	963	100	100987	-1479
32032	9940424	5154490	914	963	100	100983	-1476
32033	9940424	5154490	914	963	100	100984	-1477
32034	9940434	5154488	618	0	99	100978	-1472
32035	9940437	5154487	29	0	100	100986	-1478
32036	9940439	5154485	18	0	99	100979	-1472
32037	9940444	5154484	25	0	99	100980	-1473
32038	9940444	5154484	25	0	99	100981	-1474
32039	9940448	5154484	12	0	99	100991	-1483
32040	9940454	5154483	9	0	99	100986	-1478
32041	9940454	5154483	9	0	99	100981	-1474
32042	9940454	5154483	7	0	99	100985	-1477
32043	9940455	5154482	9	0	99	100989	-1481
32044	9940455	5154482	9	0	99	100985	-1477
32045	9940455	5154482	7	0	99	100984	-1477
32046	9940457	5154482	5	0	99	100983	-1476
32047	9940459	5154482	3	0	99	100987	-1479
32048	9940460	5154482	7	0	99	100984	-1477
32049	9940460	5154482	7	0	99	100984	-1477
32050	9940462	5154481	1	0	99	100986	-1478
32051	9940462	5154481	5	0	99	100988	-1480
32052	9940464	5154481	7	0	99	100986	-1478
32053	9940465	5154481	0	0	99	100988	-1480
32054	9940465	5154481	0	0	99	100986	-1478
32055	9940466	5154481	0	0	99	100986	-1478
32056	9940467	5154481	0	0	99	100988	-1480
32057	9940467	5154481	0	0	99	100985	-1477
32058	9940467	5154481	0	0	99	100990	-1482
32059	9940467	5154481	0	0	99	100983	-1476
32060	9940467	5154481	0	0	99	100988	-1480
32061	9940467	5154481	0	0	99	100989	-1481
32062	9940467	5154481	0	0	99	100983	-1476
32063	9940467	5154481	0	0	99	100990	-1482
32064	9940467	5154481	0	0	99	100986	-1478
32065	9940467	5154481	0	0	99	100982	-1475
32066	9940467	5154481	0	0	99	100986	-1478
32067	9940467	5154481	0	0	99	100982	-1475
32068	9940467	5154481	0	0	99	100985	-1477
32069	9940467	5154481	0	0	99	100989	-1481
32070	9940467	5154481	0	0	99	100982	-1475
32071	9940467	5154481	0	0	99	100983	-1476
32072	9940467	5154481	0	0	99	100982	-1475
32073	9940467	5154481	0	0	99	100982	-1475
32074	9940467	5154481	0	0	99	100985	-1477
32075	9940467	5154481	0	0	99	100979	-1472
32076	9940467	5154481	0	0	99	100978	-1472
32077	9940467	5154481	0	0	99	100983	-1476
32078	9940467	5154481	0	0	99	100977	-1471
32079	9940467	5154481	0	0	99	100984	-1477
32080	9940467	5154481	0	0	99	100978	-1472
32081	9940467	5154481	0	237	99	100975	-1469
32082	9940467	5154481	0	891	99	100978	-1472
32083	9940467	5154481	287	1069	99	100984	-1477
32084	9940466	5154481	494	1289	98	100975	-1469
32085	9940466	5154480	768	1491	98	100973	-1467
32086	9940466	5154479	1220	1624	98	100979	-1472
32087	9940462	5154477	1333	1638	98	100980	-1473
32088	9940456	5154472	1411	1704	97	100972	-1467
32089	9940456	5154472	1411	1610	97	100972	-1467
32090	9940451	5154468	1398	1877	97	100972	-1467
32091	9940450	5154464	1407	1942	97	100973	-1467
32092	9940453	5154461	1751	1932	97	100973	-1467
32093	9940462	5154456	1942	2076	96	100971	-1466
32094	9940476	5154451	1903	2096	96	100972	-1467
32095	9940513	5154441	1677	1900	96	100969	-1464
32096	9940531	5154436	1853	2146	96	100969	-1464
32097	9940549	5154431	2037	2212	96	100973	-1467
32098	9940567	5154426	1916	2163	95	100963	-1459
32099	9940567	5154426	1916	1881	96	100970	-1465
32100	9940599	5154416	2096	2120	95	100963	-1459
32101	9940611	5154410	2053	2136	95	100976	-1470
32102	9940622	5154405	1974	2110	95	100961	-1457
32103	9940622	5154405	1974	2100	95	100955	-1452
32104	9940635	5154400	1977	2128	94	100959	-1456
32105	9940660	5154390	1627	2139	94	100958	-1455
32106	9940660	5154390	1627	2129	94	100963	-1459
32107	9940674	5154385	1539	2156	94	100957	-1454
32108	9940682	5154381	1596	2173	94	100962	-1458
32109	9940695	5154377	1850	1907	93	100960	-1457
32110	9940709	5154372	2016	2176	93	100954	-1451
32111	9940726	5154366	2083	2252	93	100956	-1453
32112	9940769	5154355	2126	2206	93	100959	-1456
32113	9940791	5154350	1907	2205	93	100963	-1459
32114	9940791	5154350	1907	1927	93	100949	-1447
32115	9940834	5154339	1842	2200	92	100954	-1451
32116	9940855	5154334	1979	2229	92	100949	-1447
32117	9940880	5154329	2027	2247	92	100941	-1441
32118	9940909	5154324	1968	2232	92	100951	-1449
32119	9940909	5154324	1968	1945	91	100954	-1451
32120	9940967	5154314	1755	2181	91	100943	-1442
32121	9940992	5154308	1746	2235	91	100944	-1443
32122	9941018	5154303	1813	2265	90	100941	-1441
32123	9941042	5154298	1957	2251	90	100948	-1446
32124	9941042	5154298	1957	2232	90	100943	-1442
32125	9941067	5154292	1864	1969	90	100940	-1440
32126	9941088	5154287	1870	2205	90	100943	-1442
32127	9941108	5154281	1953	2212	89	100938	-1438
32128	9941126	5154275	2087	2245	89	100937	-1437
32129	9941141	5154269	1992	2276	89	100943	-1442
32130	9941156	5154263	2057	2250	88	100943	-1442
32131	9941175	5154257	2442	1950	88	100943	-1442
32132	9941224	5154245	2120	2180	88	100948	-1446
32133	9941251	5154239	2024	2241	88	100936	-1436
32134	9941251	5154239	2024	2275	88	100941	-1441
32135	9941295	5154228	2027	2314	87	100945	-1444
32136	9941295	5154228	2027	2352	87	100930	-1431
32137	9941338	5154218	2161	2366	87	100938	-1438
32138	9941358	5154213	2174	2367	87	100938	-1438
32139	9941358	5154213	2174	2356	86	100926	-1428
32140	9941398	5154202	2302	2069	86	100937	-1437
32141	9941420	5154196	2266	1972	86	100939	-1439
32142	9941420	5154196	2266	1965	86	100932	-1433
32143	9941472	5154184	2252	1914	86	100936	-1436
32144	9941472	5154184	2252	2184	86	100938	-1438
32145	9941530	5154172	2218	2207	86	100933	-1434
32146	9941562	5154165	2220	2243	85	100939	-1439
32147	9941595	5154159	2213	2270	85	100942	-1441
32148	9941628	5154154	2255	2267	85	100926	-1428
32149	9941628	5154154	2255	2029	85	100926	-1428
32150	9941677	5154143	2276	1994	85	100929	-1431
32151	9941700	5154137	2270	1963	84	100932	-1433
32152	9941700	5154137	2270	1962	84	100933	-1434
32153	9941751	5154124	2303	1930	84	100938	-1438
32154	9941751	5154124	2303	2303	84	100942	-1441
32155	9941801	5154111	2183	2373	83	100939	-1439
32156	9941820	5154106	2389	2397	83	100936	-1436
32157	9941841	5154100	2403	2374	83	100937	-1437
32158	9941862	5154094	2344	2367	83	100942	-1441
32159	9941862	5154094	2344	2355	83	100941	-1441
32160	9941893	5154084	2122	2343	83	100936	-1436
32161	9941903	5154080	2074	2031	82	100934	-1435
32162	9941914	5154075	2196	2298	82	100937	-1437
32163	9941927	5154070	2089	2316	82	100944	-1443
32164	9941927	5154070	2089	2301	82	100932	-1433
32165	9941973	5154059	2192	2181	82	100939	-1439
32166	9941998	5154052	2889	2157	81	100935	-1436
32167	9941998	5154052	2889	2141	81	100932	-1433
32168	9942050	5154040	2292	2104	81	100934	-1435
32169	9942050	5154040	2292	2097	81	100939	-1439
32170	9942078	5154034	2109	2081	81	100937	-1437
32171	9942123	5154023	1998	2132	81	100928	-1430
32172	9942123	5154023	1998	2123	80	100923	-1426
32173	9942145	5154018	2042	2104	80	100925	-1427
32174	9942168	5154013	2155	2103	80	100918	-1421
32175	9942213	5154003	2046	1810	80	100915	-1419
32176	9942235	5153997	2052	1958	80	100921	-1424
32177	9942257	5153992	1926	1876	79	100917	-1420
32178	9942284	5153988	1840	1795	79	100924	-1426
32179	9942284	5153988	1840	1855	79	100921	-1424
32180	9942341	5153979	1859	1681	79	100915	-1419
32181	9942366	5153974	2083	1920	79	100919	-1422
32182	9942366	5153974	2083	1732	79	100923	-1426
32183	9942408	5153966	1927	1917	79	100917	-1420
32184	9942408	5153966	1927	1731	78	100919	-1422
32185	9942430	5153957	1844	1963	78	100920	-1423
32186	9942434	5153953	1933	1772	78	100915	-1419
32187	9942433	5153948	2011	2075	78	100915	-1419
32188	9942431	5153943	1933	2138	78	100917	-1420
32189	9942431	5153943	1933	1862	78	100910	-1415
32190	9942431	5153938	1864	2020	78	100914	-1418
32191	9942438	5153928	2205	2016	78	100919	-1422
32192	9942438	5153928	2205	1984	78	100920	-1423
32193	9942443	5153923	1866	1911	77	100915	-1419
32194	9942446	5153918	1789	1873	77	100910	-1415
32195	9942445	5153915	1751	1640	77	100912	-1416
32196	9942445	5153915	1751	1879	77	100908	-1413
32197	9942442	5153910	1805	2014	77	100912	-1416
32198	9942438	5153900	1859	2076	77	100909	-1414
32199	9942438	5153900	1859	1832	76	100906	-1411
32200	9942446	5153888	1920	2067	77	100913	-1417
32201	9942452	5153883	2037	2111	77	100916	-1420
32202	9942461	5153878	1976	1865	76	100909	-1414
32203	9942470	5153872	2081	2107	76	100915	-1419
32204	9942470	5153872	2081	2188	76	100918	-1421
32205	9942486	5153862	2203	2152	76	100910	-1415
32206	9942486	5153862	2203	2102	76	100912	-1416
32207	9942503	5153851	1959	2133	76	100917	-1420
32208	9942511	5153846	1959	2194	76	100902	-1408
32209	9942511	5153846	1959	1929	76	100909	-1414
32210	9942518	5153840	1850	2195	75	100907	-1412
32211	9942535	5153829	1976	2215	75	100910	-1415
32212	9942545	5153823	2011	2245	75	100917	-1420
32213	9942545	5153823	2011	2252	75	100917	-1420
32214	9942556	5153817	2100	1965	75	100920	-1423
32215	9942573	5153806	2107	2187	75	100910	-1415
32216	9942573	5153806	2107	2184	75	100912	-1416
32217	9942574	5153795	2068	2139	75	100920	-1423
32218	9942568	5153790	2168	1815	75	100916	-1420
32219	9942568	5153790	2168	1986	75	100916	-1420
32220	9942544	5153779	1863	2033	75	100918	-1421
32221	9942530	5153774	1861	1804	74	100916	-1420
32222	9942513	5153769	1855	2012	74	100921	-1424
32223	9942492	5153765	1889	1813	74	100922	-1425
32224	9942492	5153765	1889	2065	74	100924	-1426
32225	9942430	5153756	2033	2068	74	100926	-1428
32226	9942390	5153751	2029	2032	74	100920	-1423
32227	9942352	5153746	1957	1959	74	100921	-1424
32228	9942315	5153742	1864	1899	74	100927	-1429
32229	9942315	5153742	1864	1925	74	100922	-1425
32230	9942244	5153732	2181	2018	74	100927	-1429
32231	9942244	5153732	2181	2033	74	100924	-1426
32232	9942205	5153727	2074	2007	74	100924	-1426
32233	9942163	5153723	1844	2025	73	100924	-1426
32234	9942122	5153719	1840	2109	73	100934	-1435
32235	9942050	5153710	1889	2200	73	100928	-1430
32236	9942050	5153710	1889	2197	73	100931	-1432
32237	9942002	5153700	2122	1939	73	100939	-1439
32238	9941987	5153695	2124	2163	73	100937	-1437
32239	9941987	5153695	2124	2223	73	100936	-1436
32240	9941971	5153684	2213	2186	73	100939	-1439
32241	9941961	5153679	2148	2203	72	100939	-1439
32242	9941950	5153674	2114	1920	72	100940	-1440
32243	9941939	5153669	2164	2123	72	100944	-1443
32244	9941939	5153669	2164	2089	72	100942	-1441
32245	9941917	5153659	1877	1749	72	100941	-1441
32246	9941917	5153659	1877	1918	72	100943	-1442
32247	9941909	5153654	1913	1754	71	100948	-1446
32248	9941901	5153644	2050	2040	71	100943	-1442
32249	9941901	5153644	2050	2081	71	100941	-1441
32250	9941906	5153634	1824	2132	71	100945	-1444
32251	9941914	5153629	1768	2156	71	100950	-1448
32252	9941921	5153625	1846	2172	71	100941	-1441
32253	9941929	5153620	1987	1906	71	100940	-1440
32254	9941929	5153620	1987	2134	71	100935	-1436
32255	9941938	5153610	1926	2130	71	100936	-1436
32256	9941938	5153610	1926	2139	71	100940	-1440
32257	9941942	5153606	1939	1903	71	100937	-1437
32258	9941950	5153596	1811	2158	70	100933	-1434
32259	9941950	5153596	1811	2151	70	100930	-1431
32260	9941962	5153586	1868	2088	70	100925	-1427
32261	9941971	5153581	1803	2023	70	100925	-1427
32262	9941982	5153576	1864	2006	70	100924	-1426
32263	9941994	5153571	1859	1989	70	100919	-1422
32264	9941994	5153571	1859	1983	70	100927	-1429
32265	9942005	5153562	1937	1971	70	100918	-1421
32266	9942007	5153556	1979	1940	70	100921	-1424
32267	9942006	5153550	1905	1940	70	100916	-1420
32268	9942005	5153546	2059	1936	70	100910	-1415
32269	9942005	5153546	2059	1951	69	100905	-1410
32270	9942011	5153535	2096	1692	69	100906	-1411
32271	9942014	5153529	1844	1868	69	100902	-1408
32272	9942020	5153524	1785	1897	69	100900	-1406
32273	9942025	5153518	1755	1864	69	100901	-1407
32274	9942025	5153518	1755	1804	69	100898	-1405
32275	9942032	5153513	1611	1715	69	100896	-1403
32276	9942038	5153509	1600	1548	69	100896	-1403
32277	9942050	5153500	1324	1452	69	100891	-1399
32278	9942050	5153500	1324	1343	69	100886	-1394
32279	9942055	5153496	1209	1214	69	100893	-1400
32280	9942062	5153492	1261	1084	69	100890	-1398
32281	9942073	5153485	1190	1102	69	100885	-1394
32282	9942073	5153485	1190	791	69	100891	-1399
32283	9942076	5153482	1051	791	69	100889	-1397
32284	9942073	5153479	818	791	69	100885	-1394
32285	9942069	5153476	463	0	69	100887	-1395
32286	9942066	5153475	12	704	69	100890	-1398
32287	9942061	5153474	11	712	69	100886	-1394
32288	9942059	5153473	29	886	69	100887	-1395
32289	9942053	5153473	51	886	69	100892	-1399
32290	9942045	5153472	738	1115	69	100887	-1395
32291	9942039	5153470	809	1512	69	100885	-1394
32292	9942036	5153468	961	1495	69	100890	-1398
32293	9942038	5153466	1055	1737	69	100876	-1386
32294	9942040	5153464	1229	1815	69	100881	-1390
32295	9942042	5153461	1450	1830	68	100880	-1389
32296	9942044	5153457	1674	1841	68	100880	-1389
32297	9942046	5153452	1663	1863	68	100877	-1387
32298	9942051	5153448	1698	1918	68	100872	-1383
32299	9942059	5153443	1646	1919	68	100881	-1390
32300	9942064	5153439	1805	1891	68	100878	-1388
32301	9942070	5153434	1742	1665	68	100875	-1385
32302	9942080	5153424	1826	1845	68	100874	-1384
32303	9942085	5153418	1837	1879	68	100874	-1384
32304	9942085	5153418	1837	1897	68	100876	-1386
32305	9942101	5153407	1963	2031	68	100875	-1385
32306	9942106	5153402	2029	2082	68	100880	-1389
32307	9942106	5153397	1979	2074	68	100879	-1389
32308	9942098	5153392	1813	2072	68	100875	-1385
32309	9942098	5153392	1813	1844	67	100892	-1399
32310	9942042	5153382	1709	2125	67	100885	-1394
32311	9941999	5153379	1844	2221	67	100897	-1404
32312	9941946	5153375	1953	2289	67	100895	-1402
32313	9941887	5153371	2033	2351	66	100899	-1405
32314	9941887	5153371	2033	2377	66	100901	-1407
32315	9941822	5153368	2072	2405	66	100904	-1410
32316	9941669	5153361	2415	2446	66	100908	-1413
32317	9941669	5153361	2415	2466	66	100918	-1421
32318	9941583	5153357	2490	2392	65	100914	-1418
32319	9941491	5153354	2402	2302	65	100914	-1418
32320	9941397	5153351	2196	2231	65	100928	-1430
32321	9941212	5153345	2177	1795	65	100929	-1431
32322	9941212	5153345	2177	1921	65	100932	-1433
32323	9941051	5153339	1927	1768	65	100942	-1441
32324	9941051	5153339	1927	2042	65	100937	-1437
32325	9940923	5153334	1418	2081	65	100939	-1439
32326	9940874	5153330	1751	2172	65	100949	-1447
32327	9940832	5153327	1761	2197	65	100945	-1444
32328	9940794	5153323	1829	2295	65	100947	-1446
32329	9940794	5153323	1829	2302	65	100955	-1452
32330	9940714	5153314	2166	2350	64	100953	-1451
32331	9940667	5153309	2253	2384	64	100954	-1451
32332	9940620	5153304	2305	2405	64	100951	-1449
32333	9940568	5153299	2339	2428	64	100960	-1457
32334	9940568	5153299	2339	2458	64	100959	-1456
32335	9940493	5153292	2420	2481	64	100961	-1457
32336	9940408	5153286	2453	2503	64	100963	-1459
32337	9940313	5153280	2509	2522	64	100958	-1455
32338	9940218	5153275	2500	2391	64	100962	-1458
32339	9940218	5153275	2500	2545	64	100967	-1462
32340	9940066	5153267	2492	2587	64	100964	-1460
32341	9940066	5153267	2492	2285	64	100977	-1471
32342	9939917	5153258	2507	2434	63	100977	-1471
32343	9939845	5153253	2577	2632	63	100981	-1474
32344	9939845	5153253	2577	2667	63	100979	-1472
32345	9939707	5153243	2546	2482	63	100981	-1474
32346	9939637	5153238	2477	2610	63	100981	-1474
32347	9939566	5153233	2339	2611	63	100984	-1477
32348	9939494	5153229	2346	2424	63	100987	-1479
32349	9939494	5153229	2346	2532	63	100985	-1477
32350	9939349	5153220	2205	2521	63	100988	-1480
32351	9939272	5153216	2257	2504	63	100987	-1479
32352	9939193	5153212	2255	2481	62	100997	-1488
32353	9939110	5153209	2266	2159	62	100987	-1479
32354	9939110	5153209	2266	2241	62	101000	-1490
32355	9938938	5153201	2281	2369	62	100989	-1481
32356	9938848	5153199	2355	2342	62	100998	-1488
32357	9938755	5153196	2233	2352	62	101004	-1493
32358	9938665	5153194	2157	2046	62	100999	-1489
32359	9938665	5153194	2157	1934	62	101013	-1501
32360	9938492	5153190	2216	2192	62	101009	-1498
32361	9938409	5153188	2103	2190	62	101008	-1497
32362	9938325	5153186	2005	2143	62	101011	-1499
32363	9938243	5153185	1994	2127	62	101015	-1503
32364	9938243	5153185	1994	2015	61	101006	-1495
32365	9938081	5153182	1848	1630	61	101010	-1498
32366	9938005	5153180	1439	1360	61	101007	-1496
32367	9937929	5153180	1161	1169	61	100999	-1489
32368	9937866	5153180	846	1214	62	101015	-1503
32369	9937866	5153180	846	1247	62	101017	-1504
32370	9937777	5153180	768	956	62	101013	-1501
32371	9937760	5153179	727	1141	62	101008	-1497
32372	9937756	5153177	816	1272	61	101002	-1492
32373	9937763	5153175	1016	1611	61	101002	-1492
32374	9937763	5153175	1016	1759	61	101014	-1502
32375	9937790	5153171	1035	1885	61	101011	-1499
32376	9937801	5153168	987	1968	61	101001	-1491
32377	9937813	5153166	1135	2027	61	101004	-1493
32378	9937825	5153163	1194	2049	61	101006	-1495
32379	9937825	5153163	1194	1811	61	101005	-1494
32380	9937855	5153156	1290	2039	61	101008	-1497
32381	9937874	5153153	1426	2065	61	101009	-1498
32382	9937895	5153150	1624	2061	61	101004	-1493
32383	9937915	5153146	1459	2086	61	101005	-1494
32384	9937915	5153146	1459	1840	61	101004	-1493
32385	9937951	5153138	1476	2042	61	101011	-1499
32386	9937968	5153135	1507	2048	61	101006	-1495
32387	9937968	5153135	1507	2006	61	101008	-1497
32388	9938011	5153127	1563	1935	60	100997	-1488
32389	9938011	5153127	1563	1840	60	101005	-1494
32390	9938058	5153119	1413	1769	60	101004	-1493
32391	9938058	5153119	1413	1731	60	101004	-1493
32392	9938116	5153113	1385	1721	60	101007	-1496
32393	9938141	5153109	1379	1748	60	100997	-1488
32394	9938141	5153109	1379	1822	60	100997	-1488
32395	9938188	5153102	1492	1893	60	100998	-1488
32396	9938207	5153098	1481	1934	60	101002	-1492
32397	9938225	5153094	1439	1684	60	101004	-1493
32398	9938242	5153090	1509	1794	60	100997	-1488
32399	9938242	5153090	1509	1757	60	100998	-1488
32400	9938260	5153086	1564	1659	60	100995	-1486
32401	9938307	5153077	1542	1220	60	101000	-1490
32402	9938344	5153070	1376	1466	60	100999	-1489
32403	9938344	5153070	1376	1463	60	100990	-1482
32404	9938385	5153062	961	1593	60	100999	-1489
32405	9938450	5153047	618	1727	60	101005	-1494
32406	9938452	5153042	872	1619	60	100997	-1488
32407	9938424	5153038	1137	1845	59	101000	-1490
32408	9938366	5153036	1476	1950	59	101000	-1490
32409	9938366	5153036	1476	1985	59	101004	-1493
32410	9938196	5153033	1742	2012	59	101009	-1498
32411	9938107	5153032	1755	2012	59	101006	-1495
32412	9938023	5153031	1790	2015	59	101007	-1496
32413	9937935	5153032	1918	2048	59	101002	-1492
32414	9937935	5153032	1918	1848	59	101012	-1500
32415	9937759	5153032	1844	2135	59	101016	-1503
32416	9937670	5153032	1896	2185	59	101013	-1501
32417	9937592	5153031	1853	2213	59	101012	-1500
32418	9937514	5153029	2039	1953	59	101018	-1505
32419	9937514	5153029	2039	2204	59	101015	-1503
32420	9937351	5153026	2090	2239	59	101017	-1504
32421	9937263	5153026	2098	2235	59	101016	-1503
32422	9937173	5153025	2203	2233	59	101024	-1510
32423	9937082	5153025	2209	1943	59	101027	-1513
32424	9937082	5153025	2209	2201	59	101019	-1506
32425	9936897	5153025	2213	2213	59	101020	-1507
32426	9936807	5153024	2109	2143	58	101017	-1504
32427	9936715	5153024	2098	2094	59	101024	-1510
32428	9936626	5153024	2087	2073	58	101028	-1514
32429	9936626	5153024	2087	2086	58	101032	-1517
32430	9936456	5153024	1987	1873	58	101029	-1514
32431	9936375	5153023	1814	2187	58	101030	-1515
32432	9936298	5153022	1829	2267	58	101034	-1519
32433	9936223	5153021	1989	2288	58	101038	-1522
32434	9936223	5153021	1989	2318	58	101031	-1516
32435	9936065	5153017	2133	2322	58	101041	-1524
32436	9935981	5153015	2250	2342	58	101042	-1525
32437	9935895	5153013	2207	2338	57	101035	-1519
32438	9935791	5153011	2268	2337	57	101038	-1522
32439	9935791	5153011	2268	2033	57	101035	-1519
32440	9935561	5153008	2307	1943	57	101034	-1519
32441	9935444	5153007	2109	2182	57	101038	-1522
32442	9935348	5153005	2048	2177	57	101032	-1517
32443	9935262	5153002	2035	2167	57	101042	-1525
32444	9935262	5153002	2035	2139	57	101038	-1522
32445	9935121	5152997	1757	2072	57	101040	-1524
32446	9935121	5152997	1757	1909	57	101035	-1519
32447	9935056	5152994	1646	1655	57	101043	-1526
32448	9934923	5152990	1277	1384	57	101045	-1528
32449	9934923	5152990	1277	1417	57	101046	-1529
32450	9934864	5152989	1196	1417	57	101046	-1529
32451	9934809	5152988	1240	1748	57	101045	-1528
32452	9934769	5152986	1194	1925	57	101045	-1528
32453	9934721	5152981	1416	1794	57	101043	-1526
32454	9934721	5152981	1416	2121	57	101042	-1525
32455	9934719	5152975	1796	2176	57	101045	-1528
32456	9934719	5152975	1796	2204	57	101041	-1524
32457	9934727	5152971	1811	1954	56	101040	-1524
32458	9934733	5152967	1920	2184	56	101040	-1524
32459	9934741	5152962	1929	2161	56	101049	-1531
32460	9934752	5152953	2131	2109	56	101041	-1524
32461	9934760	5152948	2129	1771	56	101040	-1524
32462	9934771	5152942	1939	1836	56	101051	-1533
32463	9934771	5152942	1939	1511	56	101043	-1526
32464	9934785	5152937	1774	1103	56	101054	-1535
32465	9934817	5152928	1031	1103	56	101051	-1533
32466	9934833	5152924	490	1103	56	101049	-1531
32467	9934846	5152922	27	0	56	101048	-1530
32468	9934858	5152920	33	0	56	101050	-1532
32469	9934858	5152920	33	0	56	101054	-1535
32470	9934881	5152919	20	0	56	101049	-1531
32471	9934888	5152918	18	0	56	101050	-1532
32472	9934893	5152918	0	0	57	101055	-1536
32473	9934896	5152917	0	0	56	101039	-1523
32474	9934896	5152917	0	453	57	101049	-1531
32475	9934898	5152917	38	824	57	101046	-1529
32476	9934904	5152917	46	1103	57	101043	-1526
32477	9934914	5152916	796	1266	57	101048	-1530
32478	9934914	5152916	796	1463	57	101047	-1529
32479	9934926	5152914	1416	1105	57	101039	-1523
32480	9934947	5152912	1368	1480	57	101049	-1531
32481	9934965	5152908	1322	1396	56	101046	-1529
32482	9934969	5152904	1227	1335	56	101048	-1530
32483	9934928	5152898	1203	1345	56	101045	-1528
32484	9934928	5152898	1203	1328	56	101047	-1529
32485	9934830	5152895	1257	1329	56	101047	-1529
32486	9934830	5152895	1257	1002	56	101050	-1532
32487	9934716	5152895	1353	1242	56	101052	-1534
32488	9934660	5152895	1283	1249	56	101043	-1526
32489	9934660	5152895	1283	1192	56	101056	-1537
32490	9934557	5152893	883	1041	56	101049	-1531
32491	9934557	5152893	883	1041	56	101053	-1535
32492	9934480	5152892	31	1041	56	101047	-1529
32493	9934460	5152892	20	0	56	101052	-1534
32494	9934460	5152892	20	0	56	101057	-1538
32495	9934450	5152894	7	0	56	101056	-1537
32496	9934452	5152894	14	963	56	101055	-1536
32497	9934453	5152895	44	784	56	101057	-1538
32498	9934445	5152895	729	808	56	101050	-1532
32499	9934445	5152895	729	856	56	101057	-1538
32500	9934428	5152896	690	928	56	101051	-1533
32501	9934401	5152896	872	1048	56	101051	-1533
32502	9934363	5152896	937	1003	56	101052	-1534
32503	9934323	5152897	933	934	56	101048	-1530
32504	9934282	5152897	774	842	57	101059	-1539
32505	9934242	5152897	848	893	56	101046	-1529
32506	9934208	5152898	618	1178	56	101052	-1534
32507	9934163	5152897	1042	1503	56	101051	-1533
32508	9934163	5152897	1042	1744	56	101052	-1534
32509	9934152	5152895	1270	1975	56	101050	-1532
32510	9934150	5152892	1772	2062	56	101055	-1536
32511	9934151	5152883	1990	2144	56	101055	-1536
32512	9934153	5152878	2077	2206	56	101061	-1541
32513	9934153	5152878	2077	2240	56	101054	-1535
32514	9934149	5152873	2083	2239	56	101061	-1541
32515	9934151	5152862	2077	1973	56	101051	-1533
32516	9934151	5152856	2037	2228	56	101047	-1529
32517	9934151	5152851	2026	2270	56	101056	-1537
32518	9934146	5152846	1989	2256	56	101049	-1531
32519	9934146	5152846	1989	2246	56	101049	-1531
32520	9934138	5152835	2090	2257	56	101051	-1533
32521	9934135	5152829	2081	1988	56	101051	-1533
32522	9934133	5152824	2140	1924	56	101053	-1535
32523	9934130	5152818	2063	2249	56	101054	-1535
32524	9934130	5152818	2063	2291	56	101048	-1530
32525	9934122	5152808	1927	2294	56	101052	-1534
32526	9934121	5152803	2016	2292	56	101052	-1534
32527	9934120	5152797	2126	2274	56	101055	-1536
32528	9934118	5152792	1992	2273	55	101044	-1527
32529	9934118	5152792	1992	1977	56	101055	-1536
32530	9934107	5152781	2009	1885	56	101050	-1532
32531	9934100	5152775	2000	2100	55	101057	-1538
32532	9934097	5152770	2068	2074	55	101051	-1533
32533	9934095	5152764	1979	1774	55	101054	-1535
32534	9934095	5152764	1979	1905	55	101050	-1532
32535	9934094	5152759	1896	1644	55	101050	-1532
32536	9934093	5152754	1776	1740	56	101058	-1539
32537	9934094	5152744	1751	1424	55	101051	-1533
32538	9934097	5152740	1342	1188	56	101059	-1539
32539	9934097	5152740	1342	1029	55	101053	-1535
32540	9934101	5152735	770	948	55	101055	-1536
32541	9934104	5152731	809	965	55	101054	-1535
32542	9934101	5152727	737	1035	55	101051	-1533
32543	9934092	5152724	603	973	55	101044	-1527
32544	9934092	5152724	603	1036	56	101054	-1535
32545	9934052	5152721	833	1179	56	101049	-1531
32546	9934024	5152721	763	1259	56	101048	-1530
32547	9934024	5152721	763	1339	55	101040	-1524
32548	9933944	5152720	1301	1370	55	101041	-1524
32549	9933944	5152720	1301	1390	55	101040	-1524
32550	9933836	5152720	1448	1359	55	101046	-1529
32551	9933774	5152720	1288	1273	55	101046	-1529
32552	9933711	5152720	1213	1222	56	101052	-1534
32553	9933652	5152721	1133	1185	55	101045	-1528
32554	9933652	5152721	1133	829	56	101048	-1530
32555	9933556	5152722	687	829	55	101046	-1529
32556	9933521	5152722	451	746	55	101044	-1527
32557	9933521	5152722	451	746	56	101045	-1528
32558	9933476	5152722	11	746	56	101047	-1529
32559	9933476	5152722	11	0	56	101049	-1531
32560	9933461	5152720	3	0	56	101045	-1528
32561	9933459	5152720	5	184	56	101042	-1525
32562	9933458	5152720	0	184	56	101049	-1531
32563	9933458	5152720	0	184	56	101055	-1536
32564	9933458	5152720	0	0	56	101041	-1524
32565	9933458	5152720	0	0	56	101044	-1527
32566	9933458	5152720	0	0	56	101044	-1527
32567	9933458	5152720	0	0	56	101042	-1525
32568	9933458	5152720	0	0	56	101043	-1526
32569	9933458	5152720	0	0	56	101046	-1529
32570	9933458	5152720	0	0	56	101044	-1527
32571	9933458	5152720	0	0	56	101042	-1525
32572	9933458	5152720	0	0	56	101043	-1526
32573	9933458	5152720	0	0	56	101048	-1530
32574	9933458	5152720	0	0	56	101041	-1524
32575	9933458	5152720	0	0	56	101043	-1526
32576	9933458	5152720	0	0	56	101043	-1526
32577	9933458	5152720	0	0	56	101049	-1531
32578	9933458	5152720	0	0	56	101044	-1527
32579	9933458	5152720	0	0	56	101044	-1527
